   3.0000000e+00   2.1000000e+01   1.0000000e+00   8.0500000e+00   3.0000000e+00   0.0000000e+00   2.6000000e+01  -1.0000000e+00
   2.0000000e+00   2.4000000e+01   0.0000000e+00   6.5000000e+01   3.0000000e+00   0.0000000e+00   1.9000000e+01   1.0000000e+00
   3.0000000e+00   2.8000000e+01   0.0000000e+00   7.7500000e+00   2.0000000e+00   0.0000000e+00   2.5000000e+01   1.0000000e+00
   1.0000000e+00   4.2000000e+01   1.0000000e+00   2.6287500e+01   3.0000000e+00   1.2100000e+02   3.3000000e+01   1.0000000e+00
   3.0000000e+00   1.4000000e+01   1.0000000e+00   3.9687500e+01   3.0000000e+00   0.0000000e+00   2.4000000e+01  -1.0000000e+00
   2.0000000e+00   3.4000000e+01   0.0000000e+00   1.0500000e+01   3.0000000e+00   1.5000000e+01   2.8000000e+01   1.0000000e+00
   3.0000000e+00   3.0500000e+01   1.0000000e+00   8.0500000e+00   3.0000000e+00   0.0000000e+00   2.6000000e+01  -1.0000000e+00
   3.0000000e+00   4.4000000e+01   1.0000000e+00   7.9250000e+00   3.0000000e+00   0.0000000e+00   2.5000000e+01   1.0000000e+00
   1.0000000e+00   4.6000000e+01   1.0000000e+00   7.9200000e+01   1.0000000e+00   1.3500000e+02   2.4000000e+01  -1.0000000e+00
   2.0000000e+00   2.8000000e+01   0.0000000e+00   2.4000000e+01   1.0000000e+00   0.0000000e+00   3.7000000e+01   1.0000000e+00
   3.0000000e+00   2.3000000e+01   1.0000000e+00   7.8958000e+00   3.0000000e+00   0.0000000e+00   1.8000000e+01  -1.0000000e+00
   1.0000000e+00   5.0000000e+01   0.0000000e+00   2.4752080e+02   1.0000000e+00   2.2000000e+01   4.7000000e+01   1.0000000e+00
   2.0000000e+00   1.9000000e+01   0.0000000e+00   2.6000000e+01   3.0000000e+00   0.0000000e+00   6.7000000e+01   1.0000000e+00
   3.0000000e+00   2.8000000e+01   1.0000000e+00   7.8958000e+00   3.0000000e+00   0.0000000e+00   1.7000000e+01  -1.0000000e+00
   2.0000000e+00   8.3000000e-01   1.0000000e+00   1.8750000e+01   3.0000000e+00   0.0000000e+00   3.1000000e+01   1.0000000e+00
   3.0000000e+00   2.0000000e+00   1.0000000e+00   2.9125000e+01   2.0000000e+00   0.0000000e+00   2.0000000e+01  -1.0000000e+00
   3.0000000e+00   2.9000000e+01   0.0000000e+00   1.0462500e+01   3.0000000e+00   4.0000000e+00   4.2000000e+01  -1.0000000e+00
   2.0000000e+00   3.9000000e+01   1.0000000e+00   2.6000000e+01   3.0000000e+00   0.0000000e+00   4.6000000e+01  -1.0000000e+00
   3.0000000e+00   1.8000000e+01   0.0000000e+00   9.8417000e+00   3.0000000e+00   0.0000000e+00   2.3000000e+01   1.0000000e+00
   1.0000000e+00   3.3000000e+01   0.0000000e+00   5.3100000e+01   3.0000000e+00   1.2400000e+02   4.6000000e+01   1.0000000e+00
   1.0000000e+00   3.5000000e+01   1.0000000e+00   2.6550000e+01   1.0000000e+00   0.0000000e+00   3.1000000e+01   1.0000000e+00
   3.0000000e+00   2.8000000e+01   0.0000000e+00   7.8792000e+00   2.0000000e+00   0.0000000e+00   3.3000000e+01   1.0000000e+00
   1.0000000e+00   5.1000000e+01   1.0000000e+00   2.6550000e+01   3.0000000e+00   1.4300000e+02   2.2000000e+01   1.0000000e+00
   3.0000000e+00   2.0000000e+01   1.0000000e+00   7.9250000e+00   3.0000000e+00   0.0000000e+00   2.7000000e+01  -1.0000000e+00
   3.0000000e+00   2.6000000e+01   1.0000000e+00   5.6495800e+01   3.0000000e+00   0.0000000e+00   1.4000000e+01   1.0000000e+00
   3.0000000e+00   4.8000000e+01   0.0000000e+00   3.4375000e+01   3.0000000e+00   0.0000000e+00   3.9000000e+01  -1.0000000e+00
   2.0000000e+00   3.6500000e+01   1.0000000e+00   2.6000000e+01   3.0000000e+00   2.7000000e+01   4.0000000e+01  -1.0000000e+00
   2.0000000e+00   4.0000000e+01   0.0000000e+00   3.9000000e+01   3.0000000e+00   0.0000000e+00   6.1000000e+01   1.0000000e+00
   1.0000000e+00   6.1000000e+01   1.0000000e+00   3.3500000e+01   3.0000000e+00   3.0000000e+01   2.5000000e+01  -1.0000000e+00
   3.0000000e+00   2.4000000e+01   1.0000000e+00   7.7958000e+00   3.0000000e+00   0.0000000e+00   1.8000000e+01  -1.0000000e+00
   1.0000000e+00   4.8000000e+01   1.0000000e+00   7.6729200e+01   1.0000000e+00   1.0000000e+01   2.5000000e+01   1.0000000e+00
   3.0000000e+00   4.1000000e+01   0.0000000e+00   2.0212500e+01   3.0000000e+00   0.0000000e+00   4.0000000e+01  -1.0000000e+00
   3.0000000e+00   2.8000000e+01   0.0000000e+00   8.1375000e+00   2.0000000e+00   0.0000000e+00   1.9000000e+01  -1.0000000e+00
   1.0000000e+00   5.8000000e+01   1.0000000e+00   2.9700000e+01   1.0000000e+00   8.5000000e+01   2.3000000e+01  -1.0000000e+00
   1.0000000e+00   2.4000000e+01   0.0000000e+00   6.9300000e+01   1.0000000e+00   7.0000000e+01   2.0000000e+01   1.0000000e+00
   3.0000000e+00   1.8000000e+01   0.0000000e+00   9.3500000e+00   3.0000000e+00   0.0000000e+00   2.6000000e+01   1.0000000e+00
   3.0000000e+00   2.8000000e+01   1.0000000e+00   7.7500000e+00   2.0000000e+00   0.0000000e+00   2.8000000e+01   1.0000000e+00
   3.0000000e+00   3.5000000e+01   0.0000000e+00   2.0250000e+01   3.0000000e+00   0.0000000e+00   3.2000000e+01   1.0000000e+00
   3.0000000e+00   1.6000000e+01   1.0000000e+00   7.7750000e+00   3.0000000e+00   0.0000000e+00   2.2000000e+01  -1.0000000e+00
   3.0000000e+00   3.3000000e+01   1.0000000e+00   7.7750000e+00   3.0000000e+00   0.0000000e+00   2.8000000e+01  -1.0000000e+00
   3.0000000e+00   2.8000000e+01   0.0000000e+00   8.0500000e+00   3.0000000e+00   0.0000000e+00   3.9000000e+01  -1.0000000e+00
   1.0000000e+00   2.8000000e+01   1.0000000e+00   5.2000000e+01   3.0000000e+00   8.4000000e+01   2.7000000e+01  -1.0000000e+00
   3.0000000e+00   2.9000000e+01   1.0000000e+00   7.8750000e+00   3.0000000e+00   0.0000000e+00   1.8000000e+01  -1.0000000e+00
   3.0000000e+00   2.8000000e+01   1.0000000e+00   7.7750000e+00   3.0000000e+00   0.0000000e+00   2.6000000e+01  -1.0000000e+00
   3.0000000e+00   4.3000000e+01   0.0000000e+00   4.6900000e+01   3.0000000e+00   0.0000000e+00   3.9000000e+01  -1.0000000e+00
   1.0000000e+00   1.9000000e+01   1.0000000e+00   5.3100000e+01   3.0000000e+00   1.2800000e+02   2.5000000e+01  -1.0000000e+00
   1.0000000e+00   4.4000000e+01   0.0000000e+00   2.7720800e+01   1.0000000e+00   3.5000000e+01   4.1000000e+01   1.0000000e+00
   3.0000000e+00   2.8000000e+01   1.0000000e+00   8.0500000e+00   3.0000000e+00   0.0000000e+00   1.8000000e+01  -1.0000000e+00
   3.0000000e+00   2.5000000e+01   1.0000000e+00   7.7417000e+00   2.0000000e+00   0.0000000e+00   2.1000000e+01  -1.0000000e+00
   2.0000000e+00   4.0000000e+01   0.0000000e+00   1.3000000e+01   3.0000000e+00   0.0000000e+00   2.5000000e+01   1.0000000e+00
   3.0000000e+00   2.8000000e+01   0.0000000e+00   2.4150000e+01   2.0000000e+00   0.0000000e+00   1.9000000e+01   1.0000000e+00
   2.0000000e+00   1.8000000e+01   1.0000000e+00   1.3000000e+01   3.0000000e+00   0.0000000e+00   2.5000000e+01  -1.0000000e+00
   1.0000000e+00   2.7000000e+01   1.0000000e+00   7.6729200e+01   1.0000000e+00   1.1600000e+02   1.8000000e+01   1.0000000e+00
   2.0000000e+00   4.6000000e+01   1.0000000e+00   2.6000000e+01   3.0000000e+00   0.0000000e+00   2.3000000e+01  -1.0000000e+00
   2.0000000e+00   3.5000000e+01   0.0000000e+00   2.1000000e+01   3.0000000e+00   0.0000000e+00   2.6000000e+01   1.0000000e+00
   2.0000000e+00   4.2000000e+01   1.0000000e+00   1.3000000e+01   3.0000000e+00   0.0000000e+00   2.0000000e+01   1.0000000e+00
   3.0000000e+00   2.0000000e+01   1.0000000e+00   1.5741700e+01   1.0000000e+00   0.0000000e+00   1.6000000e+01   1.0000000e+00
   3.0000000e+00   3.5000000e+01   1.0000000e+00   7.1250000e+00   3.0000000e+00   0.0000000e+00   2.0000000e+01  -1.0000000e+00
   1.0000000e+00   1.6000000e+01   0.0000000e+00   8.6500000e+01   3.0000000e+00   8.8000000e+01   2.1000000e+01   1.0000000e+00
   3.0000000e+00   3.8000000e+01   0.0000000e+00   3.1387500e+01   3.0000000e+00   0.0000000e+00   5.7000000e+01   1.0000000e+00
   3.0000000e+00   2.8000000e+01   1.0000000e+00   9.5000000e+00   3.0000000e+00   0.0000000e+00   3.0000000e+01  -1.0000000e+00
   1.0000000e+00   5.6000000e+01   1.0000000e+00   3.5500000e+01   1.0000000e+00   1.1000000e+02   3.5000000e+01   1.0000000e+00
   3.0000000e+00   3.5000000e+01   1.0000000e+00   8.0500000e+00   3.0000000e+00   0.0000000e+00   2.4000000e+01  -1.0000000e+00
   1.0000000e+00   2.2000000e+01   0.0000000e+00   1.5155000e+02   3.0000000e+00   0.0000000e+00   2.0000000e+01   1.0000000e+00
   3.0000000e+00   2.1000000e+01   0.0000000e+00   7.6500000e+00   3.0000000e+00   0.0000000e+00   3.2000000e+01   1.0000000e+00
   2.0000000e+00   3.0000000e+01   0.0000000e+00   1.2350000e+01   2.0000000e+00   0.0000000e+00   2.5000000e+01   1.0000000e+00
   3.0000000e+00   2.8000000e+01   1.0000000e+00   5.6495800e+01   3.0000000e+00   0.0000000e+00   1.5000000e+01   1.0000000e+00
   1.0000000e+00   3.5000000e+01   0.0000000e+00   5.3100000e+01   3.0000000e+00   2.0000000e+00   4.4000000e+01   1.0000000e+00
   2.0000000e+00   3.0000000e+01   0.0000000e+00   2.1000000e+01   3.0000000e+00   0.0000000e+00   4.3000000e+01   1.0000000e+00
   1.0000000e+00   3.5000000e+01   0.0000000e+00   1.3563330e+02   3.0000000e+00   4.8000000e+01   2.2000000e+01   1.0000000e+00
   3.0000000e+00   2.9000000e+01   1.0000000e+00   8.0500000e+00   3.0000000e+00   0.0000000e+00   2.0000000e+01  -1.0000000e+00
   1.0000000e+00   2.5000000e+01   1.0000000e+00   5.5441700e+01   1.0000000e+00   7.1000000e+01   2.7000000e+01   1.0000000e+00
   3.0000000e+00   2.5000000e+01   0.0000000e+00   7.7750000e+00   3.0000000e+00   0.0000000e+00   3.7000000e+01  -1.0000000e+00
   3.0000000e+00   9.0000000e+00   0.0000000e+00   2.7900000e+01   3.0000000e+00   0.0000000e+00   1.8000000e+01  -1.0000000e+00
   1.0000000e+00   3.5000000e+01   1.0000000e+00   5.1232920e+02   1.0000000e+00   1.2500000e+02   2.2000000e+01   1.0000000e+00
   3.0000000e+00   2.1000000e+01   1.0000000e+00   8.0500000e+00   3.0000000e+00   0.0000000e+00   2.4000000e+01  -1.0000000e+00
   3.0000000e+00   2.8000000e+01   1.0000000e+00   8.0500000e+00   3.0000000e+00   0.0000000e+00   2.9000000e+01  -1.0000000e+00
   3.0000000e+00   2.8000000e+01   1.0000000e+00   8.0500000e+00   3.0000000e+00   0.0000000e+00   3.3000000e+01  -1.0000000e+00
   3.0000000e+00   2.0000000e+00   1.0000000e+00   3.9687500e+01   3.0000000e+00   0.0000000e+00   2.8000000e+01  -1.0000000e+00
   2.0000000e+00   3.6000000e+01   1.0000000e+00   2.7750000e+01   3.0000000e+00   0.0000000e+00   2.1000000e+01  -1.0000000e+00
   3.0000000e+00   2.0000000e+01   1.0000000e+00   7.0500000e+00   3.0000000e+00   0.0000000e+00   3.0000000e+01  -1.0000000e+00
   1.0000000e+00   5.2000000e+01   0.0000000e+00   7.8266700e+01   1.0000000e+00   8.7000000e+01   4.7000000e+01   1.0000000e+00
   1.0000000e+00   2.8000000e+01   1.0000000e+00   0.0000000e+00   3.0000000e+00   1.3800000e+02   1.6000000e+01  -1.0000000e+00
   3.0000000e+00   2.5000000e+01   1.0000000e+00   0.0000000e+00   3.0000000e+00   0.0000000e+00   2.8000000e+01   1.0000000e+00
   2.0000000e+00   3.4000000e+01   1.0000000e+00   2.6000000e+01   3.0000000e+00   0.0000000e+00   1.7000000e+01  -1.0000000e+00
   1.0000000e+00   6.5000000e+01   1.0000000e+00   6.1979200e+01   1.0000000e+00   1.1000000e+01   3.0000000e+01  -1.0000000e+00
   3.0000000e+00   2.8000000e+01   1.0000000e+00   6.9550000e+01   3.0000000e+00   0.0000000e+00   2.4000000e+01  -1.0000000e+00
   2.0000000e+00   5.4000000e+01   1.0000000e+00   2.6000000e+01   3.0000000e+00   0.0000000e+00   2.6000000e+01  -1.0000000e+00
   3.0000000e+00   2.2000000e+01   0.0000000e+00   7.7500000e+00   3.0000000e+00   0.0000000e+00   2.4000000e+01   1.0000000e+00
   2.0000000e+00   1.6000000e+01   1.0000000e+00   1.0500000e+01   3.0000000e+00   0.0000000e+00   2.4000000e+01  -1.0000000e+00
   3.0000000e+00   2.8000000e+01   1.0000000e+00   7.7500000e+00   2.0000000e+00   0.0000000e+00   1.9000000e+01  -1.0000000e+00
   3.0000000e+00   3.2000000e+01   1.0000000e+00   8.3625000e+00   3.0000000e+00   0.0000000e+00   3.2000000e+01  -1.0000000e+00
   2.0000000e+00   1.9000000e+01   1.0000000e+00   1.3000000e+01   3.0000000e+00   0.0000000e+00   2.1000000e+01  -1.0000000e+00
   3.0000000e+00   3.3000000e+01   1.0000000e+00   7.8958000e+00   1.0000000e+00   0.0000000e+00   2.0000000e+01  -1.0000000e+00
   3.0000000e+00   1.4000000e+01   0.0000000e+00   7.8542000e+00   3.0000000e+00   0.0000000e+00   3.6000000e+01  -1.0000000e+00
   2.0000000e+00   3.4000000e+01   1.0000000e+00   1.3000000e+01   3.0000000e+00   6.0000000e+00   2.1000000e+01   1.0000000e+00
   2.0000000e+00   2.7000000e+01   1.0000000e+00   1.3000000e+01   3.0000000e+00   0.0000000e+00   2.1000000e+01  -1.0000000e+00
   3.0000000e+00   1.1000000e+01   0.0000000e+00   3.1275000e+01   3.0000000e+00   0.0000000e+00   3.3000000e+01  -1.0000000e+00
   2.0000000e+00   1.9000000e+01   0.0000000e+00   2.6000000e+01   3.0000000e+00   0.0000000e+00   3.3000000e+01   1.0000000e+00
   1.0000000e+00   5.0000000e+01   1.0000000e+00   1.0642500e+02   1.0000000e+00   9.6000000e+01   2.6000000e+01  -1.0000000e+00
   2.0000000e+00   2.8000000e+01   1.0000000e+00   1.3000000e+01   3.0000000e+00   0.0000000e+00   2.6000000e+01  -1.0000000e+00
   3.0000000e+00   3.2000000e+01   0.0000000e+00   1.5500000e+01   2.0000000e+00   0.0000000e+00   2.9000000e+01  -1.0000000e+00
   1.0000000e+00   2.8000000e+01   1.0000000e+00   2.7720800e+01   1.0000000e+00   0.0000000e+00   1.7000000e+01  -1.0000000e+00
   3.0000000e+00   2.7000000e+01   1.0000000e+00   7.7958000e+00   3.0000000e+00   0.0000000e+00   4.4000000e+01   1.0000000e+00
   3.0000000e+00   2.8000000e+01   1.0000000e+00   7.8542000e+00   3.0000000e+00   0.0000000e+00   3.2000000e+01  -1.0000000e+00
   3.0000000e+00   2.4000000e+01   1.0000000e+00   8.0500000e+00   3.0000000e+00   0.0000000e+00   2.2000000e+01  -1.0000000e+00
   1.0000000e+00   2.7000000e+01   1.0000000e+00   3.0500000e+01   3.0000000e+00   0.0000000e+00   2.7000000e+01   1.0000000e+00
   1.0000000e+00   2.8000000e+01   0.0000000e+00   1.3365000e+02   3.0000000e+00   0.0000000e+00   5.0000000e+01   1.0000000e+00
   3.0000000e+00   4.2000000e+01   1.0000000e+00   7.6500000e+00   3.0000000e+00   1.1900000e+02   4.0000000e+01  -1.0000000e+00
   3.0000000e+00   1.9000000e+01   1.0000000e+00   7.7750000e+00   3.0000000e+00   0.0000000e+00   2.7000000e+01  -1.0000000e+00
   1.0000000e+00   6.0000000e+01   1.0000000e+00   2.6550000e+01   3.0000000e+00   0.0000000e+00   1.5000000e+01  -1.0000000e+00
   1.0000000e+00   5.4000000e+01   1.0000000e+00   5.1862500e+01   3.0000000e+00   3.0000000e+00   2.3000000e+01  -1.0000000e+00
   3.0000000e+00   2.8000000e+01   0.0000000e+00   7.8958000e+00   3.0000000e+00   0.0000000e+00   2.3000000e+01  -1.0000000e+00
   3.0000000e+00   3.0000000e+01   1.0000000e+00   7.2500000e+00   3.0000000e+00   0.0000000e+00   3.0000000e+01  -1.0000000e+00
   2.0000000e+00   2.8000000e+01   1.0000000e+00   1.5050000e+01   1.0000000e+00   0.0000000e+00   1.6000000e+01  -1.0000000e+00
   1.0000000e+00   1.9000000e+01   1.0000000e+00   2.6300000e+02   3.0000000e+00   8.0000000e+00   3.0000000e+01  -1.0000000e+00
   3.0000000e+00   2.4000000e+01   0.0000000e+00   1.6700000e+01   3.0000000e+00   4.0000000e+00   5.1000000e+01   1.0000000e+00
   2.0000000e+00   2.3000000e+01   1.0000000e+00   1.1500000e+01   3.0000000e+00   0.0000000e+00   2.7000000e+01  -1.0000000e+00
   3.0000000e+00   3.3000000e+01   1.0000000e+00   8.6542000e+00   3.0000000e+00   0.0000000e+00   2.6000000e+01  -1.0000000e+00
   3.0000000e+00   2.0000000e+01   1.0000000e+00   7.8542000e+00   3.0000000e+00   0.0000000e+00   2.6000000e+01  -1.0000000e+00
   3.0000000e+00   4.0000000e+00   0.0000000e+00   1.6700000e+01   3.0000000e+00   4.0000000e+00   3.1000000e+01   1.0000000e+00
   3.0000000e+00   2.6000000e+01   1.0000000e+00   7.8958000e+00   3.0000000e+00   0.0000000e+00   1.7000000e+01  -1.0000000e+00
   3.0000000e+00   4.8000000e+01   1.0000000e+00   7.8542000e+00   3.0000000e+00   0.0000000e+00   2.3000000e+01  -1.0000000e+00
   3.0000000e+00   1.9000000e+01   1.0000000e+00   8.0500000e+00   3.0000000e+00   0.0000000e+00   2.6000000e+01   1.0000000e+00
   1.0000000e+00   5.8000000e+01   0.0000000e+00   2.6550000e+01   3.0000000e+00   5.0000000e+00   2.4000000e+01   1.0000000e+00
   3.0000000e+00   5.1000000e+01   1.0000000e+00   7.7500000e+00   3.0000000e+00   0.0000000e+00   3.2000000e+01  -1.0000000e+00
   3.0000000e+00   1.9000000e+01   0.0000000e+00   7.8542000e+00   3.0000000e+00   0.0000000e+00   4.7000000e+01   1.0000000e+00
   2.0000000e+00   3.2500000e+01   1.0000000e+00   3.0070800e+01   1.0000000e+00   0.0000000e+00   2.0000000e+01  -1.0000000e+00
   3.0000000e+00   2.8000000e+01   1.0000000e+00   2.5466700e+01   3.0000000e+00   0.0000000e+00   2.9000000e+01  -1.0000000e+00
   3.0000000e+00   2.2000000e+01   0.0000000e+00   7.7750000e+00   3.0000000e+00   0.0000000e+00   1.8000000e+01   1.0000000e+00
   3.0000000e+00   2.8000000e+01   1.0000000e+00   7.8958000e+00   3.0000000e+00   0.0000000e+00   2.0000000e+01  -1.0000000e+00
   2.0000000e+00   3.2000000e+01   1.0000000e+00   1.0500000e+01   3.0000000e+00   0.0000000e+00   2.6000000e+01  -1.0000000e+00
   3.0000000e+00   2.8000000e+01   1.0000000e+00   7.2250000e+00   1.0000000e+00   0.0000000e+00   1.5000000e+01  -1.0000000e+00
   1.0000000e+00   5.6000000e+01   1.0000000e+00   3.0695800e+01   1.0000000e+00   3.1000000e+01   2.3000000e+01  -1.0000000e+00
   3.0000000e+00   7.5000000e-01   0.0000000e+00   1.9258300e+01   1.0000000e+00   0.0000000e+00   2.2000000e+01   1.0000000e+00
   3.0000000e+00   2.8000000e+01   0.0000000e+00   7.2292000e+00   1.0000000e+00   0.0000000e+00   3.0000000e+01   1.0000000e+00
   3.0000000e+00   2.8000000e+01   0.0000000e+00   1.4458300e+01   1.0000000e+00   0.0000000e+00   3.2000000e+01  -1.0000000e+00
   2.0000000e+00   3.1000000e+01   0.0000000e+00   2.6250000e+01   3.0000000e+00   0.0000000e+00   4.3000000e+01   1.0000000e+00
   3.0000000e+00   2.8000000e+01   1.0000000e+00   7.8958000e+00   3.0000000e+00   0.0000000e+00   2.2000000e+01  -1.0000000e+00
   2.0000000e+00   3.5000000e+01   1.0000000e+00   2.6000000e+01   3.0000000e+00   0.0000000e+00   2.0000000e+01  -1.0000000e+00
   3.0000000e+00   2.3000000e+01   1.0000000e+00   7.8542000e+00   3.0000000e+00   0.0000000e+00   2.2000000e+01  -1.0000000e+00
   3.0000000e+00   2.9000000e+01   0.0000000e+00   2.1075000e+01   3.0000000e+00   0.0000000e+00   4.3000000e+01  -1.0000000e+00
   3.0000000e+00   1.7000000e+01   1.0000000e+00   7.1250000e+00   3.0000000e+00   0.0000000e+00   2.6000000e+01  -1.0000000e+00
   3.0000000e+00   2.0000000e+01   1.0000000e+00   8.6625000e+00   3.0000000e+00   0.0000000e+00   1.9000000e+01  -1.0000000e+00
   2.0000000e+00   2.8000000e+01   1.0000000e+00   1.3500000e+01   3.0000000e+00   0.0000000e+00   2.6000000e+01  -1.0000000e+00
   1.0000000e+00   3.5000000e+01   0.0000000e+00   5.2000000e+01   3.0000000e+00   0.0000000e+00   5.1000000e+01   1.0000000e+00
   1.0000000e+00   1.7000000e+01   0.0000000e+00   5.7000000e+01   3.0000000e+00   1.1800000e+02   4.1000000e+01   1.0000000e+00
   2.0000000e+00   4.4000000e+01   0.0000000e+00   2.6000000e+01   3.0000000e+00   0.0000000e+00   4.5000000e+01  -1.0000000e+00
   2.0000000e+00   3.9000000e+01   1.0000000e+00   1.3000000e+01   3.0000000e+00   0.0000000e+00   1.7000000e+01  -1.0000000e+00
   1.0000000e+00   3.0000000e+01   0.0000000e+00   8.6500000e+01   3.0000000e+00   4.4000000e+01   2.0000000e+01   1.0000000e+00
   2.0000000e+00   5.0000000e+01   0.0000000e+00   1.0500000e+01   3.0000000e+00   0.0000000e+00   1.9000000e+01   1.0000000e+00
   1.0000000e+00   5.2000000e+01   1.0000000e+00   3.0500000e+01   3.0000000e+00   7.7000000e+01   3.0000000e+01   1.0000000e+00
   3.0000000e+00   2.2000000e+01   1.0000000e+00   7.5208000e+00   3.0000000e+00   0.0000000e+00   2.5000000e+01  -1.0000000e+00
   3.0000000e+00   2.8000000e+01   0.0000000e+00   7.7500000e+00   2.0000000e+00   0.0000000e+00   4.0000000e+01   1.0000000e+00
   1.0000000e+00   4.8000000e+01   0.0000000e+00   3.9600000e+01   1.0000000e+00   9.8000000e+01   6.5000000e+01   1.0000000e+00
   2.0000000e+00   2.7000000e+01   1.0000000e+00   1.3000000e+01   3.0000000e+00   0.0000000e+00   2.0000000e+01  -1.0000000e+00
   1.0000000e+00   2.7000000e+01   1.0000000e+00   5.3100000e+01   3.0000000e+00   1.2400000e+02   2.9000000e+01   1.0000000e+00
   2.0000000e+00   6.7000000e-01   1.0000000e+00   1.4500000e+01   3.0000000e+00   0.0000000e+00   2.5000000e+01   1.0000000e+00
   1.0000000e+00   3.9000000e+01   0.0000000e+00   8.3158300e+01   1.0000000e+00   1.4000000e+02   2.7000000e+01   1.0000000e+00
   3.0000000e+00   5.9000000e+01   1.0000000e+00   7.2500000e+00   3.0000000e+00   0.0000000e+00   1.7000000e+01  -1.0000000e+00
   2.0000000e+00   1.0000000e+00   1.0000000e+00   3.7004200e+01   1.0000000e+00   0.0000000e+00   2.1000000e+01   1.0000000e+00
   3.0000000e+00   2.8000000e+01   1.0000000e+00   7.7500000e+00   2.0000000e+00   0.0000000e+00   1.7000000e+01  -1.0000000e+00
   1.0000000e+00   3.5000000e+01   0.0000000e+00   5.1232920e+02   1.0000000e+00   0.0000000e+00   1.6000000e+01   1.0000000e+00
   2.0000000e+00   3.0000000e+01   1.0000000e+00   1.3000000e+01   3.0000000e+00   0.0000000e+00   1.8000000e+01  -1.0000000e+00
   3.0000000e+00   3.2000000e+01   1.0000000e+00   7.7500000e+00   2.0000000e+00   0.0000000e+00   1.9000000e+01  -1.0000000e+00
   2.0000000e+00   3.0000000e+01   1.0000000e+00   1.3000000e+01   3.0000000e+00   0.0000000e+00   2.6000000e+01  -1.0000000e+00
   2.0000000e+00   2.2000000e+01   0.0000000e+00   2.9000000e+01   3.0000000e+00   0.0000000e+00   5.1000000e+01   1.0000000e+00
   3.0000000e+00   4.9000000e+01   1.0000000e+00   0.0000000e+00   3.0000000e+00   0.0000000e+00   1.9000000e+01  -1.0000000e+00
   2.0000000e+00   3.4000000e+01   1.0000000e+00   2.1000000e+01   3.0000000e+00   0.0000000e+00   2.3000000e+01  -1.0000000e+00
   1.0000000e+00   2.8000000e+01   0.0000000e+00   8.9104200e+01   1.0000000e+00   7.9000000e+01   4.4000000e+01   1.0000000e+00
   1.0000000e+00   4.8000000e+01   0.0000000e+00   2.5929200e+01   3.0000000e+00   1.3600000e+02   5.1000000e+01   1.0000000e+00
   1.0000000e+00   4.7000000e+01   1.0000000e+00   3.8500000e+01   3.0000000e+00   8.3000000e+01   1.7000000e+01  -1.0000000e+00
   1.0000000e+00   5.8000000e+01   0.0000000e+00   1.4652080e+02   1.0000000e+00   3.6000000e+01   2.0000000e+01   1.0000000e+00
   3.0000000e+00   1.9000000e+01   1.0000000e+00   8.0500000e+00   3.0000000e+00   0.0000000e+00   2.6000000e+01  -1.0000000e+00
   3.0000000e+00   2.7000000e+01   1.0000000e+00   7.8958000e+00   3.0000000e+00   0.0000000e+00   1.6000000e+01  -1.0000000e+00
   3.0000000e+00   4.2000000e+01   1.0000000e+00   8.4042000e+00   3.0000000e+00   0.0000000e+00   3.2000000e+01  -1.0000000e+00
   3.0000000e+00   2.8000000e+01   0.0000000e+00   2.3450000e+01   3.0000000e+00   0.0000000e+00   4.0000000e+01  -1.0000000e+00
   1.0000000e+00   2.8000000e+01   1.0000000e+00   3.0000000e+01   3.0000000e+00   1.2600000e+02   2.7000000e+01   1.0000000e+00
   2.0000000e+00   3.0000000e+01   0.0000000e+00   1.3000000e+01   3.0000000e+00   0.0000000e+00   2.1000000e+01   1.0000000e+00
   2.0000000e+00   3.6000000e+01   1.0000000e+00   1.0500000e+01   3.0000000e+00   0.0000000e+00   1.7000000e+01  -1.0000000e+00
   3.0000000e+00   2.8000000e+01   1.0000000e+00   7.2500000e+00   3.0000000e+00   0.0000000e+00   2.2000000e+01  -1.0000000e+00
   3.0000000e+00   2.7000000e+01   1.0000000e+00   8.6625000e+00   3.0000000e+00   0.0000000e+00   1.7000000e+01   1.0000000e+00
   3.0000000e+00   9.0000000e+00   1.0000000e+00   2.0525000e+01   3.0000000e+00   0.0000000e+00   4.7000000e+01   1.0000000e+00
   2.0000000e+00   2.8000000e+01   1.0000000e+00   0.0000000e+00   3.0000000e+00   0.0000000e+00   2.0000000e+01  -1.0000000e+00
   3.0000000e+00   2.0000000e+01   1.0000000e+00   9.5000000e+00   3.0000000e+00   0.0000000e+00   1.5000000e+01  -1.0000000e+00
   2.0000000e+00   1.9000000e+01   1.0000000e+00   3.6750000e+01   3.0000000e+00   0.0000000e+00   2.8000000e+01  -1.0000000e+00
   3.0000000e+00   2.2000000e+01   1.0000000e+00   8.0500000e+00   3.0000000e+00   0.0000000e+00   2.1000000e+01  -1.0000000e+00
   3.0000000e+00   2.8000000e+01   0.0000000e+00   2.3250000e+01   2.0000000e+00   0.0000000e+00   1.8000000e+01   1.0000000e+00
   3.0000000e+00   2.8000000e+01   1.0000000e+00   7.5500000e+00   3.0000000e+00   0.0000000e+00   1.8000000e+01  -1.0000000e+00
   1.0000000e+00   2.3000000e+01   0.0000000e+00   2.6300000e+02   3.0000000e+00   8.0000000e+00   2.6000000e+01   1.0000000e+00
   2.0000000e+00   2.8000000e+01   1.0000000e+00   0.0000000e+00   3.0000000e+00   0.0000000e+00   2.7000000e+01  -1.0000000e+00
   3.0000000e+00   2.8000000e+01   1.0000000e+00   2.3450000e+01   3.0000000e+00   0.0000000e+00   2.2000000e+01  -1.0000000e+00
   3.0000000e+00   2.4000000e+01   1.0000000e+00   7.4958000e+00   3.0000000e+00   0.0000000e+00   1.7000000e+01  -1.0000000e+00
   3.0000000e+00   2.8000000e+01   1.0000000e+00   7.8958000e+00   3.0000000e+00   0.0000000e+00   1.8000000e+01  -1.0000000e+00
   3.0000000e+00   3.5000000e+01   1.0000000e+00   7.0500000e+00   3.0000000e+00   0.0000000e+00   1.5000000e+01  -1.0000000e+00
   3.0000000e+00   2.8000000e+01   1.0000000e+00   7.8958000e+00   1.0000000e+00   0.0000000e+00   1.9000000e+01  -1.0000000e+00
   3.0000000e+00   2.8000000e+01   1.0000000e+00   7.7750000e+00   3.0000000e+00   0.0000000e+00   2.2000000e+01   1.0000000e+00
   3.0000000e+00   5.0000000e+00   0.0000000e+00   3.1387500e+01   3.0000000e+00   0.0000000e+00   3.0000000e+01   1.0000000e+00
   1.0000000e+00   5.8000000e+01   0.0000000e+00   1.5346250e+02   3.0000000e+00   4.7000000e+01   4.5000000e+01   1.0000000e+00
   3.0000000e+00   2.8000000e+01   1.0000000e+00   7.2292000e+00   1.0000000e+00   0.0000000e+00   1.6000000e+01   1.0000000e+00
   1.0000000e+00   3.7000000e+01   1.0000000e+00   2.9700000e+01   1.0000000e+00   4.9000000e+01   2.1000000e+01  -1.0000000e+00
   3.0000000e+00   3.9000000e+01   0.0000000e+00   3.1275000e+01   3.0000000e+00   0.0000000e+00   5.7000000e+01  -1.0000000e+00
   2.0000000e+00   6.2000000e+01   1.0000000e+00   1.0500000e+01   3.0000000e+00   0.0000000e+00   1.8000000e+01   1.0000000e+00
   1.0000000e+00   2.4000000e+01   0.0000000e+00   2.6300000e+02   3.0000000e+00   8.0000000e+00   3.0000000e+01   1.0000000e+00
   3.0000000e+00   1.3000000e+01   0.0000000e+00   7.2292000e+00   1.0000000e+00   0.0000000e+00   2.0000000e+01   1.0000000e+00
   2.0000000e+00   2.7000000e+01   0.0000000e+00   1.3858300e+01   1.0000000e+00   0.0000000e+00   2.8000000e+01   1.0000000e+00
   2.0000000e+00   4.5000000e+01   0.0000000e+00   1.3500000e+01   3.0000000e+00   0.0000000e+00   2.9000000e+01   1.0000000e+00
   3.0000000e+00   2.8000000e+01   1.0000000e+00   1.9966700e+01   3.0000000e+00   0.0000000e+00   3.6000000e+01  -1.0000000e+00
   3.0000000e+00   2.1000000e+01   1.0000000e+00   7.8000000e+00   3.0000000e+00   0.0000000e+00   2.8000000e+01  -1.0000000e+00
   3.0000000e+00   4.5000000e+01   0.0000000e+00   1.4454200e+01   1.0000000e+00   0.0000000e+00   3.1000000e+01  -1.0000000e+00
   2.0000000e+00   2.4000000e+01   0.0000000e+00   1.8750000e+01   3.0000000e+00   0.0000000e+00   3.7000000e+01   1.0000000e+00
   3.0000000e+00   3.5000000e+01   1.0000000e+00   7.8958000e+00   1.0000000e+00   0.0000000e+00   1.8000000e+01  -1.0000000e+00
   3.0000000e+00   2.8000000e+01   1.0000000e+00   7.8958000e+00   3.0000000e+00   0.0000000e+00   2.0000000e+01  -1.0000000e+00
   2.0000000e+00   4.0000000e+00   0.0000000e+00   3.9000000e+01   3.0000000e+00   3.3000000e+01   2.7000000e+01   1.0000000e+00
   2.0000000e+00   8.0000000e+00   1.0000000e+00   3.6750000e+01   3.0000000e+00   0.0000000e+00   3.0000000e+01   1.0000000e+00
   3.0000000e+00   1.8000000e+01   0.0000000e+00   1.8000000e+01   3.0000000e+00   0.0000000e+00   3.4000000e+01  -1.0000000e+00
   1.0000000e+00   3.9000000e+01   0.0000000e+00   1.1088330e+02   1.0000000e+00   1.0000000e+02   5.2000000e+01   1.0000000e+00
   3.0000000e+00   2.8000000e+01   1.0000000e+00   8.7125000e+00   1.0000000e+00   0.0000000e+00   1.9000000e+01  -1.0000000e+00
   2.0000000e+00   3.2500000e+01   0.0000000e+00   1.3000000e+01   3.0000000e+00   2.3000000e+01   1.9000000e+01   1.0000000e+00
   1.0000000e+00   2.8000000e+01   0.0000000e+00   7.9200000e+01   1.0000000e+00   0.0000000e+00   3.0000000e+01   1.0000000e+00
   3.0000000e+00   2.6000000e+01   1.0000000e+00   1.8787500e+01   1.0000000e+00   0.0000000e+00   2.7000000e+01   1.0000000e+00
   3.0000000e+00   3.2000000e+01   1.0000000e+00   7.9250000e+00   3.0000000e+00   0.0000000e+00   2.6000000e+01  -1.0000000e+00
   2.0000000e+00   3.7000000e+01   1.0000000e+00   2.6000000e+01   3.0000000e+00   0.0000000e+00   2.3000000e+01  -1.0000000e+00
   3.0000000e+00   2.8000000e+01   1.0000000e+00   1.4458300e+01   1.0000000e+00   0.0000000e+00   2.1000000e+01  -1.0000000e+00
   3.0000000e+00   2.8000000e+01   0.0000000e+00   7.7333000e+00   2.0000000e+00   0.0000000e+00   3.2000000e+01   1.0000000e+00
   3.0000000e+00   3.1000000e+01   1.0000000e+00   7.7500000e+00   2.0000000e+00   0.0000000e+00   2.3000000e+01  -1.0000000e+00
   3.0000000e+00   2.8000000e+01   1.0000000e+00   7.2500000e+00   3.0000000e+00   0.0000000e+00   2.2000000e+01  -1.0000000e+00
   3.0000000e+00   2.3000000e+01   0.0000000e+00   7.5500000e+00   3.0000000e+00   0.0000000e+00   3.1000000e+01   1.0000000e+00
   2.0000000e+00   3.1000000e+01   1.0000000e+00   1.3000000e+01   3.0000000e+00   0.0000000e+00   2.1000000e+01   1.0000000e+00
   3.0000000e+00   4.0000000e+01   1.0000000e+00   7.2250000e+00   1.0000000e+00   0.0000000e+00   1.7000000e+01  -1.0000000e+00
   3.0000000e+00   3.9000000e+01   1.0000000e+00   3.1275000e+01   3.0000000e+00   0.0000000e+00   2.7000000e+01  -1.0000000e+00
   3.0000000e+00   3.6000000e+01   1.0000000e+00   7.4958000e+00   3.0000000e+00   0.0000000e+00   1.6000000e+01  -1.0000000e+00
   1.0000000e+00   3.3000000e+01   0.0000000e+00   9.0000000e+01   2.0000000e+00   4.1000000e+01   2.2000000e+01   1.0000000e+00
   1.0000000e+00   2.8000000e+01   1.0000000e+00   2.6550000e+01   3.0000000e+00   6.4000000e+01   1.8000000e+01  -1.0000000e+00
   3.0000000e+00   2.8000000e+01   0.0000000e+00   2.2358300e+01   1.0000000e+00   0.0000000e+00   3.8000000e+01   1.0000000e+00
   3.0000000e+00   2.8000000e+01   1.0000000e+00   8.0500000e+00   3.0000000e+00   0.0000000e+00   1.9000000e+01  -1.0000000e+00
   3.0000000e+00   2.8000000e+01   0.0000000e+00   7.6292000e+00   2.0000000e+00   0.0000000e+00   3.0000000e+01  -1.0000000e+00
   3.0000000e+00   9.0000000e+00   1.0000000e+00   4.6900000e+01   3.0000000e+00   0.0000000e+00   3.0000000e+01  -1.0000000e+00
   2.0000000e+00   2.2000000e+01   0.0000000e+00   4.1579200e+01   1.0000000e+00   0.0000000e+00   5.3000000e+01   1.0000000e+00
   1.0000000e+00   1.9000000e+01   0.0000000e+00   3.0000000e+01   3.0000000e+00   1.4600000e+02   2.8000000e+01   1.0000000e+00
   1.0000000e+00   2.3000000e+01   0.0000000e+00   1.1327500e+02   1.0000000e+00   3.8000000e+01   2.2000000e+01   1.0000000e+00
   2.0000000e+00   3.0000000e+01   1.0000000e+00   2.4000000e+01   1.0000000e+00   0.0000000e+00   1.9000000e+01  -1.0000000e+00
   2.0000000e+00   2.8000000e+01   0.0000000e+00   1.3000000e+01   3.0000000e+00   0.0000000e+00   1.7000000e+01   1.0000000e+00
   3.0000000e+00   4.0000000e+00   1.0000000e+00   2.7900000e+01   3.0000000e+00   0.0000000e+00   2.1000000e+01  -1.0000000e+00
   1.0000000e+00   2.5000000e+01   0.0000000e+00   1.5155000e+02   3.0000000e+00   5.4000000e+01   4.7000000e+01  -1.0000000e+00
   1.0000000e+00   3.9000000e+01   0.0000000e+00   7.9650000e+01   3.0000000e+00   4.5000000e+01   3.8000000e+01   1.0000000e+00
   1.0000000e+00   2.8000000e+01   1.0000000e+00   5.0000000e+01   3.0000000e+00   3.4000000e+01   2.1000000e+01  -1.0000000e+00
   2.0000000e+00   1.7000000e+01   0.0000000e+00   1.0500000e+01   3.0000000e+00   0.0000000e+00   1.9000000e+01   1.0000000e+00
   3.0000000e+00   4.0500000e+01   1.0000000e+00   7.7500000e+00   2.0000000e+00   0.0000000e+00   1.8000000e+01  -1.0000000e+00
   3.0000000e+00   2.9000000e+01   1.0000000e+00   7.7750000e+00   3.0000000e+00   0.0000000e+00   2.4000000e+01  -1.0000000e+00
   3.0000000e+00   2.7000000e+01   0.0000000e+00   1.2475000e+01   3.0000000e+00   1.2900000e+02   1.8000000e+01   1.0000000e+00
   2.0000000e+00   2.9000000e+01   1.0000000e+00   2.7720800e+01   1.0000000e+00   0.0000000e+00   2.5000000e+01  -1.0000000e+00
   3.0000000e+00   2.8000000e+01   1.0000000e+00   1.9966700e+01   3.0000000e+00   0.0000000e+00   3.1000000e+01  -1.0000000e+00
   3.0000000e+00   2.8000000e+01   0.0000000e+00   2.5466700e+01   3.0000000e+00   0.0000000e+00   1.8000000e+01  -1.0000000e+00
   3.0000000e+00   1.9000000e+01   1.0000000e+00   0.0000000e+00   3.0000000e+00   0.0000000e+00   3.1000000e+01  -1.0000000e+00
   1.0000000e+00   2.4000000e+01   1.0000000e+00   7.9200000e+01   1.0000000e+00   2.6000000e+01   1.8000000e+01  -1.0000000e+00
   3.0000000e+00   3.2000000e+01   1.0000000e+00   5.6495800e+01   3.0000000e+00   0.0000000e+00   1.3000000e+01   1.0000000e+00
   3.0000000e+00   2.0000000e+00   0.0000000e+00   3.1275000e+01   3.0000000e+00   0.0000000e+00   3.3000000e+01  -1.0000000e+00
   3.0000000e+00   2.0500000e+01   1.0000000e+00   7.2500000e+00   3.0000000e+00   0.0000000e+00   3.1000000e+01  -1.0000000e+00
   1.0000000e+00   5.1000000e+01   1.0000000e+00   6.1379200e+01   1.0000000e+00   0.0000000e+00   2.7000000e+01  -1.0000000e+00
   3.0000000e+00   3.2000000e+01   1.0000000e+00   7.9250000e+00   3.0000000e+00   0.0000000e+00   1.9000000e+01   1.0000000e+00
   1.0000000e+00   3.6000000e+01   1.0000000e+00   2.6387500e+01   3.0000000e+00   8.9000000e+01   3.2000000e+01   1.0000000e+00
   3.0000000e+00   3.8000000e+01   1.0000000e+00   8.6625000e+00   3.0000000e+00   0.0000000e+00   1.5000000e+01  -1.0000000e+00
   2.0000000e+00   3.6000000e+01   0.0000000e+00   2.6000000e+01   3.0000000e+00   0.0000000e+00   5.2000000e+01   1.0000000e+00
   2.0000000e+00   5.4000000e+01   1.0000000e+00   1.4000000e+01   3.0000000e+00   0.0000000e+00   2.0000000e+01  -1.0000000e+00
   1.0000000e+00   2.9000000e+01   0.0000000e+00   2.1133750e+02   3.0000000e+00   1.1700000e+02   2.9000000e+01   1.0000000e+00
   2.0000000e+00   2.8000000e+01   1.0000000e+00   0.0000000e+00   3.0000000e+00   0.0000000e+00   2.1000000e+01  -1.0000000e+00
   3.0000000e+00   2.8000000e+01   1.0000000e+00   7.2250000e+00   1.0000000e+00   0.0000000e+00   2.3000000e+01  -1.0000000e+00
   2.0000000e+00   5.1000000e+01   1.0000000e+00   1.2525000e+01   3.0000000e+00   0.0000000e+00   2.6000000e+01  -1.0000000e+00
   3.0000000e+00   2.8000000e+01   1.0000000e+00   1.5500000e+01   2.0000000e+00   0.0000000e+00   1.9000000e+01  -1.0000000e+00
   1.0000000e+00   3.6000000e+01   1.0000000e+00   4.0125000e+01   1.0000000e+00   1.0100000e+02   1.9000000e+01  -1.0000000e+00
   2.0000000e+00   6.0000000e+01   1.0000000e+00   3.9000000e+01   3.0000000e+00   0.0000000e+00   3.3000000e+01  -1.0000000e+00
   3.0000000e+00   1.6000000e+01   1.0000000e+00   2.0250000e+01   3.0000000e+00   0.0000000e+00   2.7000000e+01  -1.0000000e+00
   3.0000000e+00   4.4000000e+01   1.0000000e+00   1.6100000e+01   3.0000000e+00   0.0000000e+00   2.4000000e+01  -1.0000000e+00
   3.0000000e+00   4.2000000e+01   1.0000000e+00   8.6625000e+00   3.0000000e+00   0.0000000e+00   1.6000000e+01  -1.0000000e+00
   1.0000000e+00   3.1000000e+01   0.0000000e+00   1.1327500e+02   1.0000000e+00   3.8000000e+01   2.3000000e+01   1.0000000e+00
   3.0000000e+00   2.8000000e+01   0.0000000e+00   8.0500000e+00   3.0000000e+00   0.0000000e+00   3.0000000e+01  -1.0000000e+00
   3.0000000e+00   2.8000000e+01   1.0000000e+00   7.8958000e+00   3.0000000e+00   0.0000000e+00   2.1000000e+01  -1.0000000e+00
   3.0000000e+00   2.8000000e+01   0.0000000e+00   2.5466700e+01   3.0000000e+00   0.0000000e+00   2.2000000e+01  -1.0000000e+00
   1.0000000e+00   2.1000000e+01   0.0000000e+00   2.6237500e+02   1.0000000e+00   5.9000000e+01   3.7000000e+01   1.0000000e+00
   3.0000000e+00   2.5000000e+01   1.0000000e+00   7.7750000e+00   3.0000000e+00   0.0000000e+00   2.5000000e+01  -1.0000000e+00
   3.0000000e+00   2.8000000e+01   1.0000000e+00   8.0500000e+00   3.0000000e+00   0.0000000e+00   1.9000000e+01  -1.0000000e+00
   2.0000000e+00   2.8000000e+01   1.0000000e+00   0.0000000e+00   3.0000000e+00   0.0000000e+00   2.6000000e+01  -1.0000000e+00
   3.0000000e+00   2.4000000e+01   1.0000000e+00   2.4150000e+01   3.0000000e+00   0.0000000e+00   2.0000000e+01  -1.0000000e+00
   3.0000000e+00   3.1000000e+01   0.0000000e+00   7.8542000e+00   3.0000000e+00   0.0000000e+00   1.9000000e+01  -1.0000000e+00
   1.0000000e+00   1.6000000e+01   0.0000000e+00   5.7979200e+01   1.0000000e+00   6.3000000e+01   2.8000000e+01   1.0000000e+00
   3.0000000e+00   2.9000000e+01   1.0000000e+00   9.5000000e+00   3.0000000e+00   0.0000000e+00   2.7000000e+01   1.0000000e+00
   3.0000000e+00   2.6000000e+01   1.0000000e+00   2.0575000e+01   3.0000000e+00   0.0000000e+00   2.3000000e+01  -1.0000000e+00
   3.0000000e+00   1.8000000e+01   1.0000000e+00   7.7750000e+00   3.0000000e+00   0.0000000e+00   3.0000000e+01  -1.0000000e+00
   1.0000000e+00   4.3000000e+01   0.0000000e+00   2.1133750e+02   3.0000000e+00   1.3300000e+02   5.3000000e+01   1.0000000e+00
   3.0000000e+00   2.8000000e+01   0.0000000e+00   7.8792000e+00   2.0000000e+00   0.0000000e+00   2.9000000e+01   1.0000000e+00
   2.0000000e+00   3.6000000e+01   0.0000000e+00   1.3000000e+01   3.0000000e+00   0.0000000e+00   1.6000000e+01   1.0000000e+00
   2.0000000e+00   2.8000000e+01   1.0000000e+00   1.0500000e+01   3.0000000e+00   0.0000000e+00   2.9000000e+01  -1.0000000e+00
   3.0000000e+00   3.1000000e+01   0.0000000e+00   1.8000000e+01   3.0000000e+00   0.0000000e+00   5.5000000e+01  -1.0000000e+00
   2.0000000e+00   5.2000000e+01   1.0000000e+00   1.3500000e+01   3.0000000e+00   0.0000000e+00   2.6000000e+01  -1.0000000e+00
   1.0000000e+00   2.8000000e+01   1.0000000e+00   4.7100000e+01   3.0000000e+00   0.0000000e+00   2.3000000e+01  -1.0000000e+00
   3.0000000e+00   2.8000000e+01   1.0000000e+00   7.7958000e+00   3.0000000e+00   0.0000000e+00   2.8000000e+01  -1.0000000e+00
   3.0000000e+00   2.8000000e+01   1.0000000e+00   7.9250000e+00   3.0000000e+00   0.0000000e+00   2.8000000e+01  -1.0000000e+00
   1.0000000e+00   2.8000000e+01   1.0000000e+00   8.2170800e+01   1.0000000e+00   0.0000000e+00   2.3000000e+01  -1.0000000e+00
   1.0000000e+00   4.7000000e+01   0.0000000e+00   5.2554200e+01   3.0000000e+00   4.2000000e+01   4.8000000e+01   1.0000000e+00
   1.0000000e+00   4.8000000e+01   1.0000000e+00   2.6550000e+01   3.0000000e+00   8.2000000e+01   1.9000000e+01   1.0000000e+00
   3.0000000e+00   2.8000000e+01   1.0000000e+00   8.0500000e+00   3.0000000e+00   0.0000000e+00   2.7000000e+01  -1.0000000e+00
   3.0000000e+00   2.2000000e+01   1.0000000e+00   7.2500000e+00   3.0000000e+00   0.0000000e+00   2.2000000e+01  -1.0000000e+00
   3.0000000e+00   2.8000000e+01   1.0000000e+00   7.7500000e+00   2.0000000e+00   0.0000000e+00   1.6000000e+01  -1.0000000e+00
   3.0000000e+00   5.0000000e+01   1.0000000e+00   8.0500000e+00   3.0000000e+00   0.0000000e+00   2.4000000e+01  -1.0000000e+00
   2.0000000e+00   5.5000000e+01   0.0000000e+00   1.6000000e+01   3.0000000e+00   0.0000000e+00   3.2000000e+01   1.0000000e+00
   3.0000000e+00   1.5000000e+01   1.0000000e+00   7.2292000e+00   1.0000000e+00   0.0000000e+00   1.8000000e+01  -1.0000000e+00
   1.0000000e+00   4.0000000e+01   0.0000000e+00   1.5346250e+02   3.0000000e+00   4.7000000e+01   2.5000000e+01   1.0000000e+00
   3.0000000e+00   4.0000000e+00   1.0000000e+00   2.9125000e+01   2.0000000e+00   0.0000000e+00   2.0000000e+01  -1.0000000e+00
   3.0000000e+00   2.2000000e+01   0.0000000e+00   7.2500000e+00   3.0000000e+00   0.0000000e+00   3.1000000e+01   1.0000000e+00
   3.0000000e+00   2.8000000e+01   1.0000000e+00   8.0500000e+00   3.0000000e+00   0.0000000e+00   1.7000000e+01  -1.0000000e+00
   1.0000000e+00   2.8000000e+01   1.0000000e+00   3.0695800e+01   1.0000000e+00   0.0000000e+00   2.4000000e+01  -1.0000000e+00
   3.0000000e+00   2.8000000e+01   0.0000000e+00   1.5500000e+01   2.0000000e+00   0.0000000e+00   2.7000000e+01   1.0000000e+00
   1.0000000e+00   7.0000000e+01   1.0000000e+00   7.1000000e+01   3.0000000e+00   9.5000000e+01   2.8000000e+01  -1.0000000e+00
   3.0000000e+00   4.5000000e+01   0.0000000e+00   2.7900000e+01   3.0000000e+00   0.0000000e+00   4.7000000e+01  -1.0000000e+00
   3.0000000e+00   2.5000000e+01   1.0000000e+00   7.0500000e+00   3.0000000e+00   0.0000000e+00   1.6000000e+01  -1.0000000e+00
   3.0000000e+00   2.0000000e+01   1.0000000e+00   7.9250000e+00   3.0000000e+00   0.0000000e+00   2.7000000e+01   1.0000000e+00
   3.0000000e+00   2.8000000e+01   1.0000000e+00   7.8958000e+00   3.0000000e+00   0.0000000e+00   2.2000000e+01  -1.0000000e+00
   3.0000000e+00   3.0000000e+01   1.0000000e+00   8.0500000e+00   3.0000000e+00   0.0000000e+00   2.9000000e+01  -1.0000000e+00
   1.0000000e+00   2.8000000e+01   1.0000000e+00   3.1000000e+01   3.0000000e+00   0.0000000e+00   2.1000000e+01  -1.0000000e+00
   3.0000000e+00   2.4500000e+01   1.0000000e+00   8.0500000e+00   3.0000000e+00   0.0000000e+00   2.9000000e+01  -1.0000000e+00
   2.0000000e+00   3.4000000e+01   1.0000000e+00   1.3000000e+01   3.0000000e+00   0.0000000e+00   2.0000000e+01  -1.0000000e+00
   2.0000000e+00   3.6000000e+01   0.0000000e+00   1.3000000e+01   3.0000000e+00   5.3000000e+01   2.3000000e+01   1.0000000e+00
   3.0000000e+00   3.9000000e+01   1.0000000e+00   2.4150000e+01   3.0000000e+00   0.0000000e+00   1.7000000e+01  -1.0000000e+00
   1.0000000e+00   3.0000000e+01   0.0000000e+00   5.6929200e+01   1.0000000e+00   5.7000000e+01   3.0000000e+01   1.0000000e+00
   1.0000000e+00   4.9000000e+01   0.0000000e+00   2.5929200e+01   3.0000000e+00   1.3600000e+02   2.7000000e+01   1.0000000e+00
   1.0000000e+00   3.9000000e+01   1.0000000e+00   0.0000000e+00   3.0000000e+00   1.3700000e+02   2.2000000e+01  -1.0000000e+00
   1.0000000e+00   2.8000000e+01   1.0000000e+00   2.6000000e+01   3.0000000e+00   5.1000000e+01   2.6000000e+01  -1.0000000e+00
   3.0000000e+00   2.8000000e+01   1.0000000e+00   7.7500000e+00   2.0000000e+00   0.0000000e+00   1.9000000e+01  -1.0000000e+00
   1.0000000e+00   4.9000000e+01   1.0000000e+00   8.9104200e+01   1.0000000e+00   7.9000000e+01   2.4000000e+01   1.0000000e+00
   1.0000000e+00   2.9000000e+01   1.0000000e+00   6.6600000e+01   3.0000000e+00   2.8000000e+01   2.5000000e+01  -1.0000000e+00
   2.0000000e+00   8.0000000e+00   0.0000000e+00   2.6250000e+01   3.0000000e+00   0.0000000e+00   3.2000000e+01   1.0000000e+00
   2.0000000e+00   2.0000000e+00   0.0000000e+00   2.6000000e+01   3.0000000e+00   0.0000000e+00   2.4000000e+01   1.0000000e+00
   3.0000000e+00   2.8000000e+01   0.0000000e+00   1.5245800e+01   1.0000000e+00   0.0000000e+00   2.9000000e+01  -1.0000000e+00
   1.0000000e+00   4.7000000e+01   1.0000000e+00   5.2000000e+01   3.0000000e+00   2.1000000e+01   3.0000000e+01  -1.0000000e+00
   1.0000000e+00   1.7000000e+01   0.0000000e+00   1.0890000e+02   1.0000000e+00   5.6000000e+01   8.2000000e+01   1.0000000e+00
   3.0000000e+00   2.9000000e+01   1.0000000e+00   9.4833000e+00   3.0000000e+00   0.0000000e+00   2.6000000e+01  -1.0000000e+00
   3.0000000e+00   4.3000000e+01   1.0000000e+00   8.0500000e+00   3.0000000e+00   0.0000000e+00   1.5000000e+01  -1.0000000e+00
   1.0000000e+00   2.8000000e+01   0.0000000e+00   1.4652080e+02   1.0000000e+00   9.0000000e+00   4.6000000e+01   1.0000000e+00
   3.0000000e+00   2.8000000e+01   0.0000000e+00   1.4400000e+01   3.0000000e+00   0.0000000e+00   5.4000000e+01  -1.0000000e+00
   1.0000000e+00   6.5000000e+01   1.0000000e+00   2.6550000e+01   3.0000000e+00   8.0000000e+01   2.5000000e+01  -1.0000000e+00
   3.0000000e+00   2.8000000e+01   1.0000000e+00   1.5500000e+01   2.0000000e+00   0.0000000e+00   1.9000000e+01  -1.0000000e+00
   2.0000000e+00   4.2000000e+01   1.0000000e+00   2.7000000e+01   3.0000000e+00   0.0000000e+00   2.8000000e+01  -1.0000000e+00
   3.0000000e+00   1.8000000e+01   1.0000000e+00   7.7500000e+00   3.0000000e+00   0.0000000e+00   3.9000000e+01  -1.0000000e+00
   1.0000000e+00   8.0000000e+01   1.0000000e+00   3.0000000e+01   3.0000000e+00   1.0800000e+02   3.6000000e+01   1.0000000e+00
   1.0000000e+00   1.7000000e+01   1.0000000e+00   1.1088330e+02   1.0000000e+00   9.7000000e+01   2.7000000e+01   1.0000000e+00
   3.0000000e+00   1.6000000e+01   1.0000000e+00   8.0500000e+00   3.0000000e+00   0.0000000e+00   3.0000000e+01   1.0000000e+00
   3.0000000e+00   2.6000000e+01   1.0000000e+00   8.6625000e+00   3.0000000e+00   0.0000000e+00   1.7000000e+01  -1.0000000e+00
   3.0000000e+00   1.0000000e+00   0.0000000e+00   1.1133300e+01   3.0000000e+00   0.0000000e+00   2.8000000e+01   1.0000000e+00
   2.0000000e+00   4.2000000e+01   0.0000000e+00   2.6000000e+01   3.0000000e+00   0.0000000e+00   5.1000000e+01   1.0000000e+00
   2.0000000e+00   4.2000000e+01   1.0000000e+00   1.3000000e+01   3.0000000e+00   0.0000000e+00   3.3000000e+01  -1.0000000e+00
   2.0000000e+00   4.4000000e+01   1.0000000e+00   2.6000000e+01   3.0000000e+00   0.0000000e+00   1.7000000e+01  -1.0000000e+00
   2.0000000e+00   2.8000000e+01   1.0000000e+00   0.0000000e+00   3.0000000e+00   0.0000000e+00   3.2000000e+01  -1.0000000e+00
   2.0000000e+00   1.8000000e+01   1.0000000e+00   7.3500000e+01   3.0000000e+00   0.0000000e+00   2.5000000e+01  -1.0000000e+00
   3.0000000e+00   7.4000000e+01   1.0000000e+00   7.7750000e+00   3.0000000e+00   0.0000000e+00   1.9000000e+01  -1.0000000e+00
   3.0000000e+00   2.4000000e+01   1.0000000e+00   7.1417000e+00   3.0000000e+00   0.0000000e+00   2.5000000e+01   1.0000000e+00
   3.0000000e+00   2.5000000e+01   1.0000000e+00   7.2250000e+00   1.0000000e+00   0.0000000e+00   1.6000000e+01  -1.0000000e+00
   2.0000000e+00   1.7000000e+01   0.0000000e+00   1.2000000e+01   1.0000000e+00   0.0000000e+00   2.1000000e+01   1.0000000e+00
   3.0000000e+00   2.8000000e+01   0.0000000e+00   2.5466700e+01   3.0000000e+00   0.0000000e+00   2.3000000e+01  -1.0000000e+00
   3.0000000e+00   3.4000000e+01   1.0000000e+00   8.0500000e+00   3.0000000e+00   0.0000000e+00   2.8000000e+01  -1.0000000e+00
   2.0000000e+00   4.3000000e+01   1.0000000e+00   2.6250000e+01   3.0000000e+00   0.0000000e+00   1.8000000e+01  -1.0000000e+00
   3.0000000e+00   2.0000000e+00   1.0000000e+00   2.1075000e+01   3.0000000e+00   0.0000000e+00   3.0000000e+01  -1.0000000e+00
   1.0000000e+00   3.0000000e+01   0.0000000e+00   1.0642500e+02   1.0000000e+00   0.0000000e+00   1.9000000e+01   1.0000000e+00
   2.0000000e+00   4.7000000e+01   1.0000000e+00   1.5000000e+01   3.0000000e+00   0.0000000e+00   2.3000000e+01  -1.0000000e+00
   1.0000000e+00   3.1000000e+01   0.0000000e+00   1.6486670e+02   3.0000000e+00   6.0000000e+01   2.4000000e+01   1.0000000e+00
   1.0000000e+00   2.4000000e+01   0.0000000e+00   8.3158300e+01   1.0000000e+00   5.8000000e+01   3.0000000e+01   1.0000000e+00
   3.0000000e+00   2.6000000e+01   0.0000000e+00   1.6100000e+01   3.0000000e+00   0.0000000e+00   4.7000000e+01  -1.0000000e+00
   3.0000000e+00   2.8000000e+01   1.0000000e+00   2.3250000e+01   2.0000000e+00   0.0000000e+00   1.8000000e+01   1.0000000e+00
   3.0000000e+00   2.0000000e+01   0.0000000e+00   8.6625000e+00   3.0000000e+00   0.0000000e+00   2.3000000e+01  -1.0000000e+00
   3.0000000e+00   1.7000000e+01   1.0000000e+00   8.6625000e+00   3.0000000e+00   0.0000000e+00   1.9000000e+01  -1.0000000e+00
   3.0000000e+00   4.1000000e+01   1.0000000e+00   7.1250000e+00   3.0000000e+00   0.0000000e+00   3.0000000e+01  -1.0000000e+00
   3.0000000e+00   1.7000000e+01   1.0000000e+00   7.2292000e+00   1.0000000e+00   0.0000000e+00   2.0000000e+01  -1.0000000e+00
   3.0000000e+00   4.0000000e+00   1.0000000e+00   3.1275000e+01   3.0000000e+00   0.0000000e+00   3.9000000e+01  -1.0000000e+00
   3.0000000e+00   2.2000000e+01   1.0000000e+00   7.8958000e+00   3.0000000e+00   0.0000000e+00   1.5000000e+01  -1.0000000e+00
   3.0000000e+00   1.6000000e+01   1.0000000e+00   3.4375000e+01   3.0000000e+00   0.0000000e+00   2.2000000e+01  -1.0000000e+00
   1.0000000e+00   3.0000000e+01   0.0000000e+00   3.1000000e+01   1.0000000e+00   0.0000000e+00   2.3000000e+01   1.0000000e+00
   1.0000000e+00   3.8000000e+01   0.0000000e+00   8.0000000e+01   3.0000000e+00   1.3000000e+01   1.9000000e+01   1.0000000e+00
   1.0000000e+00   3.0000000e+01   1.0000000e+00   2.7750000e+01   1.0000000e+00   7.8000000e+01   3.1000000e+01  -1.0000000e+00
   3.0000000e+00   2.8000000e+01   1.0000000e+00   8.0500000e+00   3.0000000e+00   0.0000000e+00   1.7000000e+01  -1.0000000e+00
   3.0000000e+00   4.0000000e+01   1.0000000e+00   1.5500000e+01   2.0000000e+00   0.0000000e+00   1.6000000e+01  -1.0000000e+00
   3.0000000e+00   2.6000000e+01   1.0000000e+00   7.7750000e+00   3.0000000e+00   0.0000000e+00   2.6000000e+01  -1.0000000e+00
   1.0000000e+00   2.1000000e+01   0.0000000e+00   7.7958300e+01   3.0000000e+00   1.0700000e+02   2.9000000e+01   1.0000000e+00
   2.0000000e+00   3.8000000e+01   0.0000000e+00   1.3000000e+01   3.0000000e+00   0.0000000e+00   2.5000000e+01  -1.0000000e+00
   2.0000000e+00   5.4000000e+01   0.0000000e+00   2.3000000e+01   3.0000000e+00   0.0000000e+00   3.7000000e+01   1.0000000e+00
   1.0000000e+00   7.1000000e+01   1.0000000e+00   3.4654200e+01   1.0000000e+00   1.8000000e+01   2.5000000e+01  -1.0000000e+00
   3.0000000e+00   3.0000000e+01   1.0000000e+00   7.2250000e+00   1.0000000e+00   0.0000000e+00   2.0000000e+01  -1.0000000e+00
   3.0000000e+00   2.0000000e+01   0.0000000e+00   9.8250000e+00   3.0000000e+00   0.0000000e+00   2.3000000e+01  -1.0000000e+00
   3.0000000e+00   3.3000000e+01   1.0000000e+00   7.8958000e+00   3.0000000e+00   0.0000000e+00   1.8000000e+01  -1.0000000e+00
   2.0000000e+00   2.8000000e+01   0.0000000e+00   2.6000000e+01   3.0000000e+00   0.0000000e+00   4.3000000e+01   1.0000000e+00
   3.0000000e+00   1.9000000e+01   1.0000000e+00   1.0170800e+01   3.0000000e+00   0.0000000e+00   1.7000000e+01  -1.0000000e+00
   2.0000000e+00   2.5000000e+01   1.0000000e+00   2.6000000e+01   3.0000000e+00   0.0000000e+00   3.1000000e+01  -1.0000000e+00
   2.0000000e+00   3.4000000e+01   0.0000000e+00   3.2500000e+01   3.0000000e+00   0.0000000e+00   4.7000000e+01   1.0000000e+00
   2.0000000e+00   2.4000000e+01   1.0000000e+00   1.3000000e+01   3.0000000e+00   0.0000000e+00   2.2000000e+01  -1.0000000e+00
   3.0000000e+00   2.1000000e+01   1.0000000e+00   8.4333000e+00   3.0000000e+00   0.0000000e+00   3.0000000e+01  -1.0000000e+00
   3.0000000e+00   2.1000000e+01   1.0000000e+00   7.7958000e+00   3.0000000e+00   0.0000000e+00   2.2000000e+01   1.0000000e+00
   3.0000000e+00   2.8000000e+01   1.0000000e+00   1.5245800e+01   1.0000000e+00   0.0000000e+00   4.9000000e+01   1.0000000e+00
   2.0000000e+00   2.3000000e+01   1.0000000e+00   1.3000000e+01   3.0000000e+00   0.0000000e+00   2.8000000e+01  -1.0000000e+00
   1.0000000e+00   1.8000000e+01   1.0000000e+00   1.0890000e+02   1.0000000e+00   5.6000000e+01   4.2000000e+01  -1.0000000e+00
   3.0000000e+00   2.8000000e+01   0.0000000e+00   7.7500000e+00   2.0000000e+00   0.0000000e+00   1.8000000e+01  -1.0000000e+00
   3.0000000e+00   1.6000000e+01   1.0000000e+00   9.5000000e+00   3.0000000e+00   0.0000000e+00   2.5000000e+01  -1.0000000e+00
   3.0000000e+00   2.4000000e+01   0.0000000e+00   8.8500000e+00   3.0000000e+00   0.0000000e+00   1.9000000e+01  -1.0000000e+00
   3.0000000e+00   2.6000000e+01   1.0000000e+00   7.8875000e+00   3.0000000e+00   0.0000000e+00   2.2000000e+01  -1.0000000e+00
   2.0000000e+00   7.0000000e+01   1.0000000e+00   1.0500000e+01   3.0000000e+00   0.0000000e+00   2.7000000e+01  -1.0000000e+00
   1.0000000e+00   5.2000000e+01   0.0000000e+00   9.3500000e+01   3.0000000e+00   1.3900000e+02   5.0000000e+01   1.0000000e+00
   3.0000000e+00   3.1000000e+01   0.0000000e+00   8.6833000e+00   3.0000000e+00   0.0000000e+00   1.6000000e+01   1.0000000e+00
   2.0000000e+00   4.0000000e+00   0.0000000e+00   2.3000000e+01   3.0000000e+00   0.0000000e+00   1.7000000e+01   1.0000000e+00
   3.0000000e+00   3.0000000e+01   1.0000000e+00   8.0500000e+00   3.0000000e+00   0.0000000e+00   1.5000000e+01  -1.0000000e+00
   3.0000000e+00   2.1000000e+01   1.0000000e+00   7.2500000e+00   3.0000000e+00   0.0000000e+00   1.9000000e+01  -1.0000000e+00
   3.0000000e+00   2.4000000e+01   1.0000000e+00   1.6100000e+01   3.0000000e+00   0.0000000e+00   1.7000000e+01  -1.0000000e+00
   1.0000000e+00   4.5000000e+01   1.0000000e+00   3.5500000e+01   3.0000000e+00   6.7000000e+01   2.8000000e+01  -1.0000000e+00
   1.0000000e+00   2.7000000e+01   1.0000000e+00   2.1150000e+02   1.0000000e+00   7.2000000e+01   2.5000000e+01  -1.0000000e+00
   3.0000000e+00   2.6000000e+01   1.0000000e+00   8.0500000e+00   3.0000000e+00   0.0000000e+00   1.5000000e+01  -1.0000000e+00
   1.0000000e+00   1.6000000e+01   0.0000000e+00   3.9400000e+01   3.0000000e+00   1.4200000e+02   2.5000000e+01   1.0000000e+00
   3.0000000e+00   1.0000000e+00   1.0000000e+00   4.6900000e+01   3.0000000e+00   0.0000000e+00   3.1000000e+01  -1.0000000e+00
   3.0000000e+00   3.6000000e+01   1.0000000e+00   0.0000000e+00   3.0000000e+00   0.0000000e+00   1.9000000e+01  -1.0000000e+00
   2.0000000e+00   8.3000000e-01   1.0000000e+00   2.9000000e+01   3.0000000e+00   0.0000000e+00   2.9000000e+01   1.0000000e+00
   2.0000000e+00   1.6000000e+01   1.0000000e+00   2.6000000e+01   3.0000000e+00   0.0000000e+00   1.9000000e+01  -1.0000000e+00
   3.0000000e+00   3.1000000e+01   1.0000000e+00   7.7750000e+00   3.0000000e+00   0.0000000e+00   2.5000000e+01  -1.0000000e+00
   2.0000000e+00   2.3000000e+01   1.0000000e+00   1.3000000e+01   3.0000000e+00   0.0000000e+00   2.8000000e+01  -1.0000000e+00
   1.0000000e+00   4.6000000e+01   1.0000000e+00   6.1175000e+01   3.0000000e+00   1.7000000e+01   2.7000000e+01  -1.0000000e+00
   1.0000000e+00   4.0000000e+01   0.0000000e+00   1.3450000e+02   1.0000000e+00   6.1000000e+01   5.6000000e+01   1.0000000e+00
   1.0000000e+00   2.5000000e+01   1.0000000e+00   9.1079200e+01   1.0000000e+00   5.2000000e+01   2.3000000e+01   1.0000000e+00
   3.0000000e+00   2.8000000e+01   0.0000000e+00   7.7500000e+00   2.0000000e+00   0.0000000e+00   3.2000000e+01   1.0000000e+00
   3.0000000e+00   3.7000000e+01   1.0000000e+00   7.9250000e+00   3.0000000e+00   0.0000000e+00   3.0000000e+01  -1.0000000e+00
   3.0000000e+00   2.8000000e+01   1.0000000e+00   7.2292000e+00   1.0000000e+00   0.0000000e+00   1.7000000e+01  -1.0000000e+00
   3.0000000e+00   2.7000000e+01   1.0000000e+00   1.4454200e+01   1.0000000e+00   0.0000000e+00   1.9000000e+01  -1.0000000e+00
   3.0000000e+00   1.5000000e+01   0.0000000e+00   7.2250000e+00   1.0000000e+00   0.0000000e+00   3.2000000e+01   1.0000000e+00
   1.0000000e+00   3.3000000e+01   0.0000000e+00   8.6500000e+01   3.0000000e+00   4.4000000e+01   5.6000000e+01   1.0000000e+00
   3.0000000e+00   2.1000000e+01   1.0000000e+00   8.6625000e+00   3.0000000e+00   0.0000000e+00   1.6000000e+01  -1.0000000e+00
   2.0000000e+00   2.9000000e+01   0.0000000e+00   2.6000000e+01   3.0000000e+00   0.0000000e+00   4.5000000e+01   1.0000000e+00
   1.0000000e+00   2.4000000e+01   1.0000000e+00   2.4752080e+02   1.0000000e+00   2.2000000e+01   2.4000000e+01  -1.0000000e+00
   3.0000000e+00   9.0000000e+00   0.0000000e+00   3.1275000e+01   3.0000000e+00   0.0000000e+00   3.6000000e+01  -1.0000000e+00
   2.0000000e+00   3.0000000e+00   1.0000000e+00   1.8750000e+01   3.0000000e+00   0.0000000e+00   3.0000000e+01   1.0000000e+00
   1.0000000e+00   1.5000000e+01   0.0000000e+00   2.1133750e+02   3.0000000e+00   1.1700000e+02   3.3000000e+01   1.0000000e+00
   3.0000000e+00   7.0000000e+00   1.0000000e+00   2.9125000e+01   2.0000000e+00   0.0000000e+00   1.8000000e+01  -1.0000000e+00
   3.0000000e+00   2.6000000e+01   0.0000000e+00   7.8542000e+00   3.0000000e+00   0.0000000e+00   3.1000000e+01   1.0000000e+00
   1.0000000e+00   6.0000000e+01   1.0000000e+00   7.9200000e+01   1.0000000e+00   1.0300000e+02   3.2000000e+01   1.0000000e+00
   3.0000000e+00   1.1000000e+01   1.0000000e+00   1.8787500e+01   1.0000000e+00   0.0000000e+00   2.4000000e+01  -1.0000000e+00
   1.0000000e+00   2.4000000e+01   0.0000000e+00   4.9504200e+01   1.0000000e+00   1.2200000e+02   4.8000000e+01   1.0000000e+00
   3.0000000e+00   1.6000000e+01   1.0000000e+00   1.8000000e+01   3.0000000e+00   0.0000000e+00   3.1000000e+01  -1.0000000e+00
   3.0000000e+00   1.6000000e+01   0.0000000e+00   7.7500000e+00   2.0000000e+00   0.0000000e+00   2.5000000e+01   1.0000000e+00
   3.0000000e+00   2.7000000e+01   0.0000000e+00   1.1133300e+01   3.0000000e+00   0.0000000e+00   4.9000000e+01   1.0000000e+00
   3.0000000e+00   5.1000000e+01   1.0000000e+00   8.0500000e+00   3.0000000e+00   0.0000000e+00   2.3000000e+01  -1.0000000e+00
   1.0000000e+00   2.8000000e+01   1.0000000e+00   2.2752500e+02   1.0000000e+00   0.0000000e+00   1.9000000e+01  -1.0000000e+00
   3.0000000e+00   2.8000000e+01   1.0000000e+00   7.7250000e+00   2.0000000e+00   0.0000000e+00   1.8000000e+01  -1.0000000e+00
   1.0000000e+00   5.2000000e+01   1.0000000e+00   7.9650000e+01   3.0000000e+00   4.5000000e+01   1.7000000e+01  -1.0000000e+00
   1.0000000e+00   2.2000000e+01   0.0000000e+00   4.9500000e+01   1.0000000e+00   9.4000000e+01   3.4000000e+01   1.0000000e+00
   3.0000000e+00   3.9000000e+01   1.0000000e+00   7.9250000e+00   3.0000000e+00   0.0000000e+00   2.5000000e+01  -1.0000000e+00
   2.0000000e+00   3.3000000e+01   1.0000000e+00   1.2275000e+01   3.0000000e+00   0.0000000e+00   2.2000000e+01  -1.0000000e+00
   3.0000000e+00   2.2000000e+01   1.0000000e+00   7.2250000e+00   1.0000000e+00   0.0000000e+00   3.3000000e+01   1.0000000e+00
   2.0000000e+00   4.1000000e+01   0.0000000e+00   1.9500000e+01   3.0000000e+00   0.0000000e+00   4.1000000e+01   1.0000000e+00
   3.0000000e+00   1.9000000e+01   1.0000000e+00   7.8958000e+00   3.0000000e+00   0.0000000e+00   2.0000000e+01  -1.0000000e+00
   3.0000000e+00   1.7000000e+01   1.0000000e+00   7.0542000e+00   3.0000000e+00   0.0000000e+00   2.5000000e+01  -1.0000000e+00
   3.0000000e+00   3.0000000e+01   0.0000000e+00   1.2475000e+01   3.0000000e+00   0.0000000e+00   2.4000000e+01   1.0000000e+00
   3.0000000e+00   1.1000000e+01   1.0000000e+00   4.6900000e+01   3.0000000e+00   0.0000000e+00   3.4000000e+01  -1.0000000e+00
   1.0000000e+00   3.1000000e+01   1.0000000e+00   5.7000000e+01   3.0000000e+00   1.1800000e+02   2.3000000e+01   1.0000000e+00
   1.0000000e+00   2.8000000e+01   1.0000000e+00   2.6550000e+01   3.0000000e+00   1.2000000e+01   4.1000000e+01   1.0000000e+00
   3.0000000e+00   3.4000000e+01   1.0000000e+00   6.4958000e+00   3.0000000e+00   0.0000000e+00   2.6000000e+01  -1.0000000e+00
   2.0000000e+00   1.0000000e+00   1.0000000e+00   3.9000000e+01   3.0000000e+00   3.3000000e+01   2.5000000e+01   1.0000000e+00
   3.0000000e+00   2.2000000e+01   1.0000000e+00   7.2500000e+00   3.0000000e+00   0.0000000e+00   1.8000000e+01  -1.0000000e+00
   3.0000000e+00   3.0000000e+01   1.0000000e+00   7.2292000e+00   1.0000000e+00   0.0000000e+00   2.8000000e+01  -1.0000000e+00
   3.0000000e+00   3.6000000e+01   1.0000000e+00   1.5550000e+01   3.0000000e+00   0.0000000e+00   2.9000000e+01  -1.0000000e+00
   1.0000000e+00   2.8000000e+01   1.0000000e+00   2.5925000e+01   3.0000000e+00   0.0000000e+00   1.9000000e+01  -1.0000000e+00
   3.0000000e+00   2.8000000e+01   1.0000000e+00   6.9550000e+01   3.0000000e+00   0.0000000e+00   1.9000000e+01  -1.0000000e+00
   3.0000000e+00   2.8000000e+01   0.0000000e+00   7.7875000e+00   2.0000000e+00   0.0000000e+00   3.0000000e+01   1.0000000e+00
   1.0000000e+00   2.6000000e+01   1.0000000e+00   3.0000000e+01   1.0000000e+00   1.4700000e+02   2.1000000e+01   1.0000000e+00
   3.0000000e+00   2.8000000e+01   1.0000000e+00   8.6625000e+00   3.0000000e+00   0.0000000e+00   1.9000000e+01  -1.0000000e+00
   3.0000000e+00   3.3000000e+01   0.0000000e+00   1.5850000e+01   3.0000000e+00   0.0000000e+00   5.5000000e+01   1.0000000e+00
   3.0000000e+00   4.0500000e+01   1.0000000e+00   1.4500000e+01   3.0000000e+00   0.0000000e+00   3.1000000e+01  -1.0000000e+00
   3.0000000e+00   2.0000000e+00   0.0000000e+00   2.7900000e+01   3.0000000e+00   0.0000000e+00   2.9000000e+01  -1.0000000e+00
   2.0000000e+00   3.4000000e+01   1.0000000e+00   2.1000000e+01   3.0000000e+00   0.0000000e+00   1.8000000e+01  -1.0000000e+00
   1.0000000e+00   2.8000000e+01   1.0000000e+00   0.0000000e+00   3.0000000e+00   0.0000000e+00   2.9000000e+01  -1.0000000e+00
   3.0000000e+00   2.5000000e+01   1.0000000e+00   7.0500000e+00   3.0000000e+00   0.0000000e+00   2.2000000e+01  -1.0000000e+00
   3.0000000e+00   2.8000000e+01   1.0000000e+00   7.2250000e+00   1.0000000e+00   0.0000000e+00   1.7000000e+01  -1.0000000e+00
   2.0000000e+00   2.8000000e+01   1.0000000e+00   1.3862500e+01   1.0000000e+00   0.0000000e+00   2.6000000e+01   1.0000000e+00
   3.0000000e+00   1.0000000e+00   0.0000000e+00   1.5741700e+01   1.0000000e+00   0.0000000e+00   2.7000000e+01   1.0000000e+00
   1.0000000e+00   3.6000000e+01   0.0000000e+00   7.1000000e+01   3.0000000e+00   9.5000000e+01   2.3000000e+01   1.0000000e+00
   2.0000000e+00   2.9000000e+01   1.0000000e+00   2.1000000e+01   3.0000000e+00   0.0000000e+00   3.1000000e+01  -1.0000000e+00
   2.0000000e+00   2.6000000e+01   1.0000000e+00   1.0500000e+01   3.0000000e+00   0.0000000e+00   1.9000000e+01  -1.0000000e+00
   2.0000000e+00   3.1000000e+01   1.0000000e+00   2.6250000e+01   3.0000000e+00   0.0000000e+00   1.9000000e+01  -1.0000000e+00
   3.0000000e+00   2.8000000e+01   1.0000000e+00   2.2525000e+01   3.0000000e+00   0.0000000e+00   2.4000000e+01  -1.0000000e+00
   3.0000000e+00   2.8000000e+01   1.0000000e+00   9.5000000e+00   3.0000000e+00   0.0000000e+00   2.7000000e+01  -1.0000000e+00
   3.0000000e+00   2.5000000e+01   1.0000000e+00   1.7800000e+01   3.0000000e+00   0.0000000e+00   2.5000000e+01  -1.0000000e+00
   3.0000000e+00   2.8000000e+01   1.0000000e+00   7.8958000e+00   3.0000000e+00   0.0000000e+00   1.9000000e+01  -1.0000000e+00
   1.0000000e+00   1.4000000e+01   0.0000000e+00   1.2000000e+02   3.0000000e+00   7.3000000e+01   2.5000000e+01   1.0000000e+00
   1.0000000e+00   4.4000000e+01   0.0000000e+00   5.7979200e+01   1.0000000e+00   6.3000000e+01   4.7000000e+01   1.0000000e+00
   3.0000000e+00   2.8000000e+01   0.0000000e+00   6.9550000e+01   3.0000000e+00   0.0000000e+00   2.3000000e+01  -1.0000000e+00
   3.0000000e+00   3.1000000e+01   1.0000000e+00   7.9250000e+00   3.0000000e+00   0.0000000e+00   1.8000000e+01   1.0000000e+00
   3.0000000e+00   3.3000000e+01   1.0000000e+00   8.6625000e+00   1.0000000e+00   0.0000000e+00   1.9000000e+01  -1.0000000e+00
   3.0000000e+00   1.9000000e+01   1.0000000e+00   8.1583000e+00   3.0000000e+00   0.0000000e+00   2.4000000e+01  -1.0000000e+00
   3.0000000e+00   6.3000000e+01   0.0000000e+00   9.5875000e+00   3.0000000e+00   0.0000000e+00   2.2000000e+01   1.0000000e+00
   3.0000000e+00   4.5000000e+01   1.0000000e+00   8.0500000e+00   3.0000000e+00   0.0000000e+00   2.1000000e+01   1.0000000e+00
   1.0000000e+00   2.8000000e+01   0.0000000e+00   8.2170800e+01   1.0000000e+00   0.0000000e+00   3.7000000e+01   1.0000000e+00
   1.0000000e+00   2.8000000e+01   1.0000000e+00   3.0500000e+01   3.0000000e+00   5.5000000e+01   2.1000000e+01   1.0000000e+00
   1.0000000e+00   4.0000000e+01   1.0000000e+00   0.0000000e+00   3.0000000e+00   4.6000000e+01   2.1000000e+01  -1.0000000e+00
   2.0000000e+00   2.3000000e+01   0.0000000e+00   1.3791700e+01   1.0000000e+00   5.3000000e+01   4.4000000e+01   1.0000000e+00
   1.0000000e+00   9.2000000e-01   1.0000000e+00   1.5155000e+02   3.0000000e+00   5.4000000e+01   3.0000000e+01   1.0000000e+00
   3.0000000e+00   2.8000000e+01   0.0000000e+00   7.2250000e+00   1.0000000e+00   0.0000000e+00   2.3000000e+01   1.0000000e+00
   3.0000000e+00   2.5000000e+01   0.0000000e+00   7.9250000e+00   3.0000000e+00   0.0000000e+00   2.9000000e+01  -1.0000000e+00
   3.0000000e+00   2.8000000e+01   1.0000000e+00   8.0500000e+00   3.0000000e+00   0.0000000e+00   2.6000000e+01  -1.0000000e+00
   1.0000000e+00   6.4000000e+01   1.0000000e+00   2.6000000e+01   3.0000000e+00   0.0000000e+00   2.8000000e+01  -1.0000000e+00
   1.0000000e+00   1.9000000e+01   0.0000000e+00   2.6283300e+01   3.0000000e+00   2.5000000e+01   2.8000000e+01   1.0000000e+00
   2.0000000e+00   3.0000000e+00   0.0000000e+00   4.1579200e+01   1.0000000e+00   0.0000000e+00   4.0000000e+01   1.0000000e+00
   2.0000000e+00   5.2000000e+01   1.0000000e+00   1.3000000e+01   3.0000000e+00   0.0000000e+00   2.1000000e+01  -1.0000000e+00
   2.0000000e+00   2.8000000e+01   0.0000000e+00   3.3000000e+01   3.0000000e+00   0.0000000e+00   2.6000000e+01   1.0000000e+00
   1.0000000e+00   6.1000000e+01   1.0000000e+00   3.2320800e+01   3.0000000e+00   1.0600000e+02   2.1000000e+01  -1.0000000e+00
   2.0000000e+00   2.1000000e+01   1.0000000e+00   1.1500000e+01   3.0000000e+00   0.0000000e+00   2.7000000e+01  -1.0000000e+00
   3.0000000e+00   3.2000000e+01   1.0000000e+00   5.6495800e+01   3.0000000e+00   0.0000000e+00   1.5000000e+01   1.0000000e+00
   1.0000000e+00   3.6000000e+01   1.0000000e+00   7.8850000e+01   3.0000000e+00   1.2700000e+02   2.9000000e+01  -1.0000000e+00
   3.0000000e+00   4.2000000e-01   1.0000000e+00   8.5167000e+00   1.0000000e+00   0.0000000e+00   3.1000000e+01   1.0000000e+00
   1.0000000e+00   2.9000000e+01   1.0000000e+00   3.0000000e+01   3.0000000e+00   1.3400000e+02   2.2000000e+01  -1.0000000e+00
   3.0000000e+00   5.0000000e+00   0.0000000e+00   1.2475000e+01   3.0000000e+00   0.0000000e+00   2.9000000e+01   1.0000000e+00
   2.0000000e+00   1.9000000e+01   1.0000000e+00   1.0500000e+01   3.0000000e+00   0.0000000e+00   2.5000000e+01   1.0000000e+00
   3.0000000e+00   2.8000000e+01   1.0000000e+00   7.2500000e+00   3.0000000e+00   0.0000000e+00   1.7000000e+01  -1.0000000e+00
   1.0000000e+00   1.9000000e+01   0.0000000e+00   9.1079200e+01   1.0000000e+00   5.2000000e+01   3.9000000e+01   1.0000000e+00
   1.0000000e+00   4.9000000e+01   1.0000000e+00   1.1088330e+02   1.0000000e+00   1.0000000e+02   2.4000000e+01  -1.0000000e+00
   3.0000000e+00   2.1000000e+01   1.0000000e+00   7.8542000e+00   3.0000000e+00   0.0000000e+00   2.7000000e+01  -1.0000000e+00
   2.0000000e+00   6.6000000e+01   1.0000000e+00   1.0500000e+01   3.0000000e+00   0.0000000e+00   2.1000000e+01  -1.0000000e+00
   2.0000000e+00   2.5000000e+01   1.0000000e+00   4.1579200e+01   1.0000000e+00   0.0000000e+00   3.8000000e+01  -1.0000000e+00
   3.0000000e+00   2.2000000e+01   1.0000000e+00   7.2500000e+00   3.0000000e+00   0.0000000e+00   2.3000000e+01  -1.0000000e+00
   2.0000000e+00   2.3000000e+01   1.0000000e+00   1.5045800e+01   1.0000000e+00   0.0000000e+00   1.8000000e+01  -1.0000000e+00
   3.0000000e+00   2.8000000e+01   0.0000000e+00   7.8792000e+00   2.0000000e+00   0.0000000e+00   2.0000000e+01   1.0000000e+00
   3.0000000e+00   2.8000000e+01   1.0000000e+00   5.6495800e+01   3.0000000e+00   0.0000000e+00   1.2000000e+01  -1.0000000e+00
   3.0000000e+00   2.2000000e+01   1.0000000e+00   9.3500000e+00   3.0000000e+00   0.0000000e+00   2.8000000e+01  -1.0000000e+00
   3.0000000e+00   6.1000000e+01   1.0000000e+00   6.2375000e+00   3.0000000e+00   0.0000000e+00   2.5000000e+01  -1.0000000e+00
   1.0000000e+00   5.4000000e+01   0.0000000e+00   5.9400000e+01   1.0000000e+00   0.0000000e+00   4.6000000e+01   1.0000000e+00
   2.0000000e+00   3.2000000e+01   0.0000000e+00   1.3000000e+01   3.0000000e+00   0.0000000e+00   1.9000000e+01   1.0000000e+00
   3.0000000e+00   2.8000000e+01   1.0000000e+00   7.2292000e+00   1.0000000e+00   0.0000000e+00   1.6000000e+01  -1.0000000e+00
   3.0000000e+00   3.0500000e+01   0.0000000e+00   7.7500000e+00   2.0000000e+00   0.0000000e+00   1.8000000e+01  -1.0000000e+00
   3.0000000e+00   1.6000000e+01   1.0000000e+00   3.9687500e+01   3.0000000e+00   0.0000000e+00   2.5000000e+01  -1.0000000e+00
   3.0000000e+00   2.8000000e+01   1.0000000e+00   7.7375000e+00   2.0000000e+00   0.0000000e+00   2.3000000e+01  -1.0000000e+00
   3.0000000e+00   2.8000000e+01   1.0000000e+00   2.1679200e+01   1.0000000e+00   0.0000000e+00   1.9000000e+01  -1.0000000e+00
   3.0000000e+00   1.8000000e+01   1.0000000e+00   8.0500000e+00   3.0000000e+00   0.0000000e+00   2.4000000e+01   1.0000000e+00
   1.0000000e+00   2.1000000e+01   1.0000000e+00   7.7287500e+01   3.0000000e+00   2.0000000e+01   2.5000000e+01  -1.0000000e+00
   2.0000000e+00   2.9000000e+01   0.0000000e+00   1.0500000e+01   3.0000000e+00   1.5000000e+01   2.8000000e+01   1.0000000e+00
   3.0000000e+00   1.5000000e+01   0.0000000e+00   8.0292000e+00   2.0000000e+00   0.0000000e+00   2.7000000e+01   1.0000000e+00
   3.0000000e+00   2.4000000e+01   0.0000000e+00   1.9258300e+01   1.0000000e+00   0.0000000e+00   3.7000000e+01   1.0000000e+00
   2.0000000e+00   4.8000000e+01   1.0000000e+00   1.3000000e+01   3.0000000e+00   0.0000000e+00   2.8000000e+01  -1.0000000e+00
   1.0000000e+00   3.8000000e+01   1.0000000e+00   1.5346250e+02   3.0000000e+00   6.5000000e+01   2.5000000e+01  -1.0000000e+00
   3.0000000e+00   2.3000000e+01   1.0000000e+00   9.2250000e+00   3.0000000e+00   0.0000000e+00   2.2000000e+01  -1.0000000e+00
   3.0000000e+00   3.3000000e+01   1.0000000e+00   9.5000000e+00   3.0000000e+00   0.0000000e+00   3.2000000e+01  -1.0000000e+00
   3.0000000e+00   2.8000000e+01   0.0000000e+00   7.7375000e+00   2.0000000e+00   0.0000000e+00   2.4000000e+01   1.0000000e+00
   1.0000000e+00   5.6000000e+01   1.0000000e+00   2.6550000e+01   3.0000000e+00   0.0000000e+00   2.6000000e+01  -1.0000000e+00
   3.0000000e+00   2.8000000e+01   1.0000000e+00   7.8958000e+00   3.0000000e+00   0.0000000e+00   2.1000000e+01  -1.0000000e+00
   2.0000000e+00   4.0000000e+01   0.0000000e+00   1.5750000e+01   3.0000000e+00   0.0000000e+00   5.0000000e+01   1.0000000e+00
   3.0000000e+00   3.0000000e+00   0.0000000e+00   2.1075000e+01   3.0000000e+00   0.0000000e+00   2.6000000e+01  -1.0000000e+00
   1.0000000e+00   4.9000000e+01   1.0000000e+00   5.6929200e+01   1.0000000e+00   1.0400000e+02   4.4000000e+01   1.0000000e+00
   1.0000000e+00   2.8000000e+01   1.0000000e+00   2.7720800e+01   1.0000000e+00   0.0000000e+00   2.1000000e+01  -1.0000000e+00
   3.0000000e+00   2.8000000e+01   1.0000000e+00   7.8958000e+00   1.0000000e+00   0.0000000e+00   2.2000000e+01  -1.0000000e+00
   2.0000000e+00   3.4000000e+01   1.0000000e+00   1.3000000e+01   3.0000000e+00   0.0000000e+00   2.8000000e+01  -1.0000000e+00
   1.0000000e+00   2.8000000e+01   0.0000000e+00   5.2000000e+01   3.0000000e+00   1.1300000e+02   4.9000000e+01   1.0000000e+00
   3.0000000e+00   4.5500000e+01   1.0000000e+00   7.2250000e+00   1.0000000e+00   0.0000000e+00   2.0000000e+01  -1.0000000e+00
   2.0000000e+00   5.0000000e+01   0.0000000e+00   1.0500000e+01   3.0000000e+00   0.0000000e+00   2.0000000e+01   1.0000000e+00
   3.0000000e+00   2.1000000e+01   1.0000000e+00   1.6100000e+01   3.0000000e+00   0.0000000e+00   2.7000000e+01  -1.0000000e+00
   1.0000000e+00   3.1000000e+01   1.0000000e+00   5.0495800e+01   3.0000000e+00   1.4400000e+02   3.6000000e+01  -1.0000000e+00
   3.0000000e+00   1.0000000e+01   1.0000000e+00   2.7900000e+01   3.0000000e+00   0.0000000e+00   2.8000000e+01  -1.0000000e+00
   1.0000000e+00   4.0000000e+01   1.0000000e+00   3.1000000e+01   1.0000000e+00   3.7000000e+01   1.6000000e+01   1.0000000e+00
   3.0000000e+00   1.8000000e+01   1.0000000e+00   7.7958000e+00   3.0000000e+00   0.0000000e+00   3.1000000e+01  -1.0000000e+00
   1.0000000e+00   2.8000000e+01   0.0000000e+00   1.1088330e+02   1.0000000e+00   0.0000000e+00   2.3000000e+01   1.0000000e+00
   3.0000000e+00   2.0000000e+01   1.0000000e+00   9.2250000e+00   3.0000000e+00   0.0000000e+00   2.7000000e+01  -1.0000000e+00
   3.0000000e+00   2.8000000e+01   1.0000000e+00   5.6495800e+01   3.0000000e+00   0.0000000e+00   1.3000000e+01  -1.0000000e+00
   1.0000000e+00   5.8000000e+01   1.0000000e+00   1.1327500e+02   1.0000000e+00   1.1100000e+02   2.6000000e+01  -1.0000000e+00
   1.0000000e+00   6.0000000e+01   0.0000000e+00   7.5250000e+01   1.0000000e+00   6.9000000e+01   4.8000000e+01   1.0000000e+00
   3.0000000e+00   2.8000000e+01   0.0000000e+00   7.7500000e+00   2.0000000e+00   0.0000000e+00   1.7000000e+01   1.0000000e+00
   1.0000000e+00   2.8000000e+01   1.0000000e+00   2.9700000e+01   1.0000000e+00   1.4100000e+02   2.0000000e+01   1.0000000e+00
   2.0000000e+00   2.8000000e+01   1.0000000e+00   0.0000000e+00   3.0000000e+00   0.0000000e+00   3.0000000e+01  -1.0000000e+00
   1.0000000e+00   3.5000000e+01   0.0000000e+00   8.3475000e+01   3.0000000e+00   1.4000000e+01   4.4000000e+01   1.0000000e+00
   3.0000000e+00   2.8000000e+01   1.0000000e+00   1.5500000e+01   2.0000000e+00   0.0000000e+00   1.7000000e+01  -1.0000000e+00
   3.0000000e+00   1.7000000e+01   1.0000000e+00   8.6625000e+00   3.0000000e+00   0.0000000e+00   1.6000000e+01  -1.0000000e+00
   3.0000000e+00   2.8000000e+01   0.0000000e+00   1.4454200e+01   1.0000000e+00   0.0000000e+00   2.1000000e+01  -1.0000000e+00
   2.0000000e+00   5.7000000e+01   1.0000000e+00   1.2350000e+01   2.0000000e+00   0.0000000e+00   3.0000000e+01  -1.0000000e+00
   2.0000000e+00   2.4000000e+01   0.0000000e+00   1.4500000e+01   3.0000000e+00   0.0000000e+00   3.1000000e+01   1.0000000e+00
   3.0000000e+00   2.9000000e+01   1.0000000e+00   7.8958000e+00   1.0000000e+00   0.0000000e+00   1.8000000e+01   1.0000000e+00
   3.0000000e+00   2.0000000e+00   0.0000000e+00   1.0462500e+01   3.0000000e+00   4.0000000e+00   2.6000000e+01  -1.0000000e+00
   3.0000000e+00   1.8000000e+01   1.0000000e+00   6.4958000e+00   3.0000000e+00   0.0000000e+00   2.5000000e+01  -1.0000000e+00
   3.0000000e+00   3.8000000e+01   1.0000000e+00   7.8958000e+00   3.0000000e+00   0.0000000e+00   1.5000000e+01  -1.0000000e+00
   2.0000000e+00   3.0000000e+01   1.0000000e+00   1.0500000e+01   3.0000000e+00   0.0000000e+00   1.8000000e+01  -1.0000000e+00
   1.0000000e+00   2.6000000e+01   0.0000000e+00   7.8850000e+01   3.0000000e+00   0.0000000e+00   2.8000000e+01   1.0000000e+00
   1.0000000e+00   3.8000000e+01   0.0000000e+00   7.1283300e+01   1.0000000e+00   1.0000000e+00   5.1000000e+01   1.0000000e+00
   3.0000000e+00   3.1000000e+01   0.0000000e+00   2.0525000e+01   3.0000000e+00   0.0000000e+00   4.6000000e+01   1.0000000e+00
   1.0000000e+00   2.8000000e+01   1.0000000e+00   2.6550000e+01   3.0000000e+00   0.0000000e+00   4.5000000e+01   1.0000000e+00
   1.0000000e+00   6.2000000e+01   0.0000000e+00   8.0000000e+01   3.0000000e+00   1.3000000e+01   4.1000000e+01   1.0000000e+00
   1.0000000e+00   4.5000000e+01   1.0000000e+00   2.6550000e+01   3.0000000e+00   9.3000000e+01   3.3000000e+01  -1.0000000e+00
   3.0000000e+00   3.0000000e+00   1.0000000e+00   3.1387500e+01   3.0000000e+00   0.0000000e+00   3.3000000e+01   1.0000000e+00
   3.0000000e+00   6.0000000e+00   1.0000000e+00   1.2475000e+01   3.0000000e+00   1.2900000e+02   1.9000000e+01   1.0000000e+00
   3.0000000e+00   2.8000000e+01   1.0000000e+00   7.7292000e+00   2.0000000e+00   0.0000000e+00   2.0000000e+01  -1.0000000e+00
   2.0000000e+00   1.8000000e+01   1.0000000e+00   1.1500000e+01   3.0000000e+00   0.0000000e+00   2.6000000e+01  -1.0000000e+00
   2.0000000e+00   4.5000000e+01   0.0000000e+00   2.6250000e+01   3.0000000e+00   0.0000000e+00   4.3000000e+01   1.0000000e+00
   3.0000000e+00   2.8000000e+01   0.0000000e+00   1.5500000e+01   2.0000000e+00   0.0000000e+00   4.7000000e+01   1.0000000e+00
   1.0000000e+00   4.9000000e+01   0.0000000e+00   7.6729200e+01   1.0000000e+00   1.0000000e+01   4.0000000e+01   1.0000000e+00
   3.0000000e+00   2.8000000e+01   1.0000000e+00   9.5000000e+00   3.0000000e+00   0.0000000e+00   2.7000000e+01  -1.0000000e+00
   1.0000000e+00   4.4000000e+01   1.0000000e+00   9.0000000e+01   2.0000000e+00   4.1000000e+01   2.7000000e+01  -1.0000000e+00
   2.0000000e+00   5.7000000e+01   0.0000000e+00   1.0500000e+01   3.0000000e+00   1.3100000e+02   1.7000000e+01  -1.0000000e+00
   1.0000000e+00   5.6000000e+01   0.0000000e+00   8.3158300e+01   1.0000000e+00   1.4500000e+02   4.5000000e+01   1.0000000e+00
   1.0000000e+00   5.0000000e+01   1.0000000e+00   5.5900000e+01   3.0000000e+00   7.5000000e+01   2.5000000e+01  -1.0000000e+00
   3.0000000e+00   2.8000000e+01   1.0000000e+00   7.7500000e+00   2.0000000e+00   0.0000000e+00   2.4000000e+01  -1.0000000e+00
   3.0000000e+00   1.9000000e+01   1.0000000e+00   1.4500000e+01   3.0000000e+00   0.0000000e+00   2.0000000e+01  -1.0000000e+00
   3.0000000e+00   9.0000000e+00   1.0000000e+00   3.1387500e+01   3.0000000e+00   0.0000000e+00   3.7000000e+01  -1.0000000e+00
   1.0000000e+00   5.5000000e+01   1.0000000e+00   3.0500000e+01   3.0000000e+00   8.6000000e+01   2.6000000e+01  -1.0000000e+00
   1.0000000e+00   3.3000000e+01   1.0000000e+00   5.0000000e+00   3.0000000e+00   1.1500000e+02   2.4000000e+01  -1.0000000e+00
   2.0000000e+00   2.7000000e+01   0.0000000e+00   1.0500000e+01   3.0000000e+00   2.3000000e+01   3.5000000e+01   1.0000000e+00
   3.0000000e+00   4.7000000e+01   1.0000000e+00   9.0000000e+00   3.0000000e+00   0.0000000e+00   2.7000000e+01  -1.0000000e+00
   2.0000000e+00   2.8000000e+01   0.0000000e+00   1.3000000e+01   3.0000000e+00   0.0000000e+00   2.5000000e+01   1.0000000e+00
   3.0000000e+00   2.8000000e+01   0.0000000e+00   7.8292000e+00   2.0000000e+00   0.0000000e+00   2.9000000e+01   1.0000000e+00
   3.0000000e+00   4.0000000e+01   1.0000000e+00   2.7900000e+01   3.0000000e+00   0.0000000e+00   1.8000000e+01  -1.0000000e+00
   3.0000000e+00   1.8000000e+01   0.0000000e+00   1.7800000e+01   3.0000000e+00   0.0000000e+00   4.5000000e+01  -1.0000000e+00
   2.0000000e+00   2.6000000e+01   0.0000000e+00   2.6000000e+01   3.0000000e+00   0.0000000e+00   3.7000000e+01  -1.0000000e+00
   2.0000000e+00   6.0000000e+00   0.0000000e+00   3.3000000e+01   3.0000000e+00   0.0000000e+00   3.3000000e+01   1.0000000e+00
   1.0000000e+00   3.7000000e+01   1.0000000e+00   5.3100000e+01   3.0000000e+00   2.0000000e+00   2.7000000e+01  -1.0000000e+00
   3.0000000e+00   5.1000000e+01   1.0000000e+00   7.0542000e+00   3.0000000e+00   0.0000000e+00   2.7000000e+01  -1.0000000e+00
   1.0000000e+00   3.5000000e+01   0.0000000e+00   9.0000000e+01   3.0000000e+00   4.0000000e+01   4.7000000e+01   1.0000000e+00
   3.0000000e+00   2.2000000e+01   1.0000000e+00   7.7958000e+00   3.0000000e+00   0.0000000e+00   1.9000000e+01  -1.0000000e+00
   3.0000000e+00   2.8000000e+01   1.0000000e+00   7.8958000e+00   3.0000000e+00   0.0000000e+00   1.8000000e+01  -1.0000000e+00
   3.0000000e+00   4.5000000e+01   1.0000000e+00   6.9750000e+00   3.0000000e+00   0.0000000e+00   1.8000000e+01  -1.0000000e+00
   3.0000000e+00   4.4000000e+01   1.0000000e+00   8.0500000e+00   3.0000000e+00   0.0000000e+00   1.6000000e+01  -1.0000000e+00
   3.0000000e+00   2.8000000e+01   0.0000000e+00   7.7500000e+00   2.0000000e+00   0.0000000e+00   2.6000000e+01   1.0000000e+00
   1.0000000e+00   3.2000000e+01   1.0000000e+00   3.0500000e+01   1.0000000e+00   1.0900000e+02   2.5000000e+01   1.0000000e+00
   2.0000000e+00   2.4000000e+01   1.0000000e+00   1.0500000e+01   3.0000000e+00   0.0000000e+00   3.3000000e+01  -1.0000000e+00
   3.0000000e+00   1.5000000e+01   0.0000000e+00   1.4454200e+01   1.0000000e+00   0.0000000e+00   3.9000000e+01   1.0000000e+00
   3.0000000e+00   2.9000000e+01   1.0000000e+00   7.0458000e+00   3.0000000e+00   0.0000000e+00   2.5000000e+01  -1.0000000e+00
   2.0000000e+00   3.3000000e+01   0.0000000e+00   2.7750000e+01   3.0000000e+00   0.0000000e+00   3.9000000e+01   1.0000000e+00
   1.0000000e+00   4.5000000e+01   1.0000000e+00   2.6550000e+01   3.0000000e+00   0.0000000e+00   4.5000000e+01   1.0000000e+00
   2.0000000e+00   2.3000000e+01   1.0000000e+00   1.3000000e+01   3.0000000e+00   0.0000000e+00   2.6000000e+01  -1.0000000e+00
   2.0000000e+00   1.8000000e+01   0.0000000e+00   1.3000000e+01   3.0000000e+00   0.0000000e+00   2.9000000e+01   1.0000000e+00
   3.0000000e+00   2.8000000e+01   0.0000000e+00   1.6100000e+01   3.0000000e+00   0.0000000e+00   4.1000000e+01   1.0000000e+00
   3.0000000e+00   2.8000000e+01   1.0000000e+00   7.7333000e+00   2.0000000e+00   0.0000000e+00   2.4000000e+01  -1.0000000e+00
   3.0000000e+00   2.8000000e+01   1.0000000e+00   1.4500000e+01   3.0000000e+00   0.0000000e+00   1.8000000e+01  -1.0000000e+00
   3.0000000e+00   2.8000000e+01   0.0000000e+00   1.5500000e+01   2.0000000e+00   0.0000000e+00   3.0000000e+01   1.0000000e+00
   3.0000000e+00   2.0000000e+01   1.0000000e+00   7.2292000e+00   1.0000000e+00   0.0000000e+00   2.1000000e+01   1.0000000e+00
   3.0000000e+00   2.3500000e+01   1.0000000e+00   7.2292000e+00   1.0000000e+00   0.0000000e+00   1.8000000e+01  -1.0000000e+00
   1.0000000e+00   5.3000000e+01   0.0000000e+00   5.1479200e+01   3.0000000e+00   9.9000000e+01   4.5000000e+01   1.0000000e+00
   3.0000000e+00   2.1000000e+01   0.0000000e+00   3.4375000e+01   3.0000000e+00   0.0000000e+00   3.6000000e+01  -1.0000000e+00
   3.0000000e+00   3.0000000e+01   0.0000000e+00   8.6625000e+00   3.0000000e+00   0.0000000e+00   1.9000000e+01  -1.0000000e+00
   1.0000000e+00   3.9000000e+01   0.0000000e+00   5.5900000e+01   3.0000000e+00   7.5000000e+01   4.1000000e+01   1.0000000e+00
   3.0000000e+00   1.2000000e+01   1.0000000e+00   1.1241700e+01   1.0000000e+00   0.0000000e+00   2.8000000e+01   1.0000000e+00
   1.0000000e+00   3.6000000e+01   0.0000000e+00   1.2000000e+02   3.0000000e+00   7.3000000e+01   4.1000000e+01   1.0000000e+00
   2.0000000e+00   2.1000000e+01   0.0000000e+00   1.0500000e+01   3.0000000e+00   0.0000000e+00   1.7000000e+01   1.0000000e+00
   3.0000000e+00   2.1000000e+01   0.0000000e+00   7.7500000e+00   2.0000000e+00   0.0000000e+00   1.9000000e+01  -1.0000000e+00
   3.0000000e+00   4.1000000e+01   0.0000000e+00   3.9687500e+01   3.0000000e+00   0.0000000e+00   3.8000000e+01  -1.0000000e+00
   3.0000000e+00   3.0000000e+00   1.0000000e+00   1.5900000e+01   3.0000000e+00   0.0000000e+00   3.8000000e+01   1.0000000e+00
   3.0000000e+00   3.2000000e+01   1.0000000e+00   7.9250000e+00   3.0000000e+00   0.0000000e+00   1.8000000e+01  -1.0000000e+00
